96.85343
96.20873
95.48115
94.6983
93.89703
93.00366
92.14713
91.22614
90.2683
89.36572
88.38026
87.44084
86.47379
85.41464
84.46602
83.48055
82.39377
81.47277
80.52415
79.47421
78.51637
77.55853
76.49939
75.55076
74.62976
73.62588
72.6312
71.77467
70.85368
69.83137
68.9472
68.1091
67.14205
66.19343
65.37373
64.55405
63.587
62.70284
62.0121
61.34898
60.59376
59.95827
59.4333
58.89912
58.29126
57.7663
57.3979
57.02029
56.57821
56.21902
56.05324
55.87825
55.61116
55.42696
55.39933
55.34407
55.21513
55.1875
55.28881
55.32565
55.25197
55.33486
55.52827
55.62037
55.62958
55.76773
55.91509
55.94272
55.97035
56.13613
56.26507
56.23744
56.25586
56.39401
56.44006
56.35717
56.33875
56.34796
56.19139
55.98877
55.90588
55.8322
55.63879
55.38091
55.27039
55.21513
55.0033
54.70858
54.50597
54.36782
54.11915
53.7968
53.56655
53.41919
53.17973
52.86659
52.68239
52.61792
52.45214
52.14821
51.84428
51.66929
51.53114
51.22721
50.9417
50.78514
50.69304
50.50883
50.24175
50.1036
50.12202
50.1036
49.94703
49.83651
49.84572
49.88256
49.79046
49.71678
49.76283
49.89177
49.9194
49.85493
49.9194
50.11281
50.21412
50.20491
50.26938
50.46279
50.58252
50.59172
50.6562
50.83118
50.9417
50.92329
50.96012
51.15353
51.3101
51.31931
51.31931
51.43904
51.53114
51.47588
51.42983
51.48509
51.5864
51.54035
51.42983
51.44825
51.52193
51.44825
51.3101
51.22721
51.25484
51.16274
50.96933
50.86803
50.87724
50.84961
50.67461
50.49963
50.49042
50.49963
50.36148
50.1957
50.12202
50.11281
49.99308
49.80888
49.72599
49.77204
49.76283
49.62468
49.53258
49.60626
49.67073
49.58784
49.51416
49.53258
49.61547
49.57863
49.49574
49.51416
49.65231
49.70757
49.63389
49.65231
49.79967
49.90098
49.88256
49.87335
49.97466
50.07597
50.04834
50.0115
50.09439
50.25096
50.26938
50.21412
50.29701
50.45358
50.472
50.41674
50.40753
50.51805
50.54568
50.43516
50.39832
50.49042
50.55489
50.46279
50.39832
50.472
50.54568
50.46279
50.36148
50.34306
50.41674
50.32464
50.20491
50.18649
50.25096
50.23254
50.06676
49.97466
50.05755
50.11281
50.0115
49.90098
49.91019
49.95624
49.86414
49.7352
49.7352
49.83651
49.81809
49.70757
49.68915
49.79967
49.86414
49.79046
49.75362
49.81809
49.88256
49.80888
49.75362
49.79967
49.92861
49.91019
49.81809
49.87335
50.0115
50.02992
49.94703
49.93782
50.03913
50.06676
49.96545
49.92861
50.02992
50.12202
50.07597
50.02071
50.11281
50.25096
50.24175
50.15886
50.16807
50.26938
50.23254
50.1036
50.08518
50.1957
50.23254
50.11281
50.06676
50.14965
50.22333
50.14965
50.07597
50.1036
50.16807
50.1036
50.0115
50.0115
50.1036
50.07597
49.93782
49.91019
50.02071
50.06676
49.97466
49.9194
49.96545
50.02071
49.92861
49.85493
49.89177
49.98387
49.93782
49.81809
49.83651
49.96545
49.99308
49.91019
49.87335
49.96545
49.99308
49.89177
49.83651
49.91019
50.0115
49.96545
49.88256
49.93782
50.05755
50.02992
49.94703
49.93782
50.03913
50.02992
49.90098
49.87335
49.97466
50.04834
49.97466
49.9194
50.0115
50.11281
50.07597
49.99308
50.03913
50.12202
50.08518
49.97466
49.98387
50.09439
50.09439
49.96545
49.92861
50.04834
50.12202
50.05755
49.99308
50.06676
50.14044
50.06676
49.98387
50.02071
50.11281
50.07597
49.95624
49.96545
50.08518
50.1036
50.02071
49.98387
50.05755
50.08518
49.99308
49.93782
49.99308
50.08518
49.99308
49.88256
49.92861
50.06676
50.04834
49.95624
49.94703
50.06676
50.06676
49.97466
49.94703
50.02992
50.07597
49.96545
49.87335
49.93782
50.05755
50.0115
49.92861
49.94703
50.04834
50.0115
49.89177
49.88256
49.98387
50.02992
49.9194
49.88256
49.99308
50.07597
50.04834
50.05755
50.26017
50.53646
50.73909
51.04301
51.55877
52.10216
52.59029
53.20736
53.96258
54.65332
55.32565
56.14534
56.97424
57.70183
58.5952
59.48856
60.27141
61.21083
62.13182
62.95151
63.89093
64.79351
65.6132
66.52499
67.41835
68.30251
69.29719
70.19976
71.11155
72.03255
72.85223
73.77323
74.62055
75.4955
76.39808
77.21777
78.06509
78.87556
79.72288
80.55177
81.34383
82.20036
83.01084
83.82132
84.58575
85.35938
86.12381
86.91587
87.71714
88.44473
89.19073
89.87227
90.58144
91.27219
91.95373
92.59843
93.18787
93.71283
94.22859
94.74435
95.22327
95.67455
96.05216
96.39294
96.65081
96.89948
97.11131
97.35077
97.52576
97.66391
97.72838
97.76522
97.75601
97.75601
97.76522
97.72838
97.66391
97.53497
97.40603
97.25867
97.17578
97.05605
96.9179
96.7337
96.56792
96.47582
96.35609
96.21794
96.05216
95.97849
95.87717
95.82191
95.75745
95.7114
95.7114
95.70219
95.73903
95.74824
95.78507
95.81271
95.93243
96.07059
96.19032
96.2732
96.37451
96.52187
96.70607
96.93633
97.13894
97.34156
97.52576
97.71917
97.88495
98.09678
98.30861
98.52044
98.69543
98.87963
99.05462
99.24802
99.43223
99.56116
99.68089
99.79141
99.91115
100.0493
100.1506
100.2335
100.2795
100.298
100.3256
100.344
100.3716
100.3624
100.3809
100.3624
100.3624
100.3256
100.2795
100.2335
100.169
100.0677
99.99403
99.92957
99.8651
99.81905
99.74536
99.65327
99.50591
99.42302
99.35854
99.32171
99.30328
99.24802
99.16514
99.09145
99.03619
98.99015
99.00857
99.02699
99.00857
98.98093
98.95331
98.89805
98.96252
99.00857
99.04541
99.07304
99.10988
99.14671
99.21119
99.26645
99.3125
99.34933
99.39539
99.48749
99.54275
99.57958
99.61642
99.6901
99.72694
99.79141
99.8651
99.95719
100.0493
100.1046
100.123
100.1506
100.169
100.1782
100.2335
100.2611
100.2795
100.2888
100.3532
100.3624
100.3532
100.344
100.3164
100.2611
100.2519
100.2243
100.2427
100.2519
100.2243
100.1506
100.0953
100.0493
100.0401
100.0493
100.0217
99.97562
99.92957
99.91115
99.88351
99.87431
99.83746
99.81905
99.76379
99.76379
99.74536
99.76379
99.77299
99.74536
99.72694
99.71774
99.72694
99.73615
99.76379
99.7822
99.7822
99.73615
99.73615
99.74536
99.77299
99.81905
99.87431
99.87431
99.87431
99.85589
99.8651
99.89272
99.91115
99.92036
99.93877
99.99403
100.0217
100.0585
100.0769
100.0493
100.0032
100.0493
100.0769
100.1138
100.1414
100.1782
100.1414
100.123
100.1046
100.0953
100.1046
100.123
100.123
100.1138
100.1046
100.0585
100.0585
100.0309
100.0125
99.99403
100.0309
100.0401
100.0217
100.0125
100.0125
99.94798
99.91115
99.91115
99.92036
99.94798
99.94798
99.94798
99.92957
99.92036
99.91115
99.92036
99.92957
99.91115
99.91115
99.93877
99.92036
99.92957
99.92036
99.89272
99.89272
99.91115
99.94798
99.96641
100.0217
100.0585
100.0585
100.0217
100.0125
99.97562
100.0125
100.0401
100.0493
100.0401
100.0585
100.0493
100.0401
100.0493
100.0493
100.0493
100.0401
100.0677
100.0769
100.0861
100.0677
100.0401
100.0032
100.0309
100.0585
100.0677
100.0861
100.1046
100.0677
100.0401
99.99403
99.97562
100.0125
100.0309
100.0309
100.0125
100.0217
100.0217
100.0125
99.99403
100.0032
99.96641
99.97562
99.97562
100.0032
99.99403
99.96641
99.92036
99.91115
99.92036
99.93877
99.97562
100.0032
100.0032
99.94798
99.92957
99.90193
99.92957
99.93877
99.96641
99.97562
100.0125
100.0032
99.99403
100.0125
100.0309
100.0125
100.0125
100.0309
100.0493
100.0585
100.0677
100.0585
100.0125
100.0125
100.0125
100.0309
100.0493
100.0585
100.0309
100.0217
100.0125
100.0125
100.0032
100.0125
100.0217
100.0125
100.0309
100.0217
100.0309
100.0217
100.0125
99.93877
99.93877
99.94798
99.99403
100.0032
99.99403
99.95719
99.90193
99.82825
99.68089
99.4967
99.26645
98.89805
98.38229
97.90337
97.29551
96.66003
95.98769
95.24168
94.45884
93.56547
92.74578
91.88004
90.913
89.992
89.03416
88.07632
87.11849
86.08698
85.12914
84.12524
83.05689
82.12668
81.17805
80.1189
79.16107
78.20323
77.13487
76.15862
75.23762
74.19689
73.19301
72.32727
71.39706
70.39317
69.49059
68.59723
67.63018
66.69997
65.85265
64.99612
64.05671
63.17255
62.41734
61.63449
60.80559
60.12405
59.58066
59.00043
58.35574
57.78472
57.37027
56.94661
56.43085
56.04403
55.84141
55.648
55.36249
55.15067
55.08619
55.01252
54.84673
54.79147
54.88358
54.93884
54.88358
54.95725
55.15987
55.26118
55.28881
55.43617
55.62958
55.73089
55.76773
55.93351
56.07166
56.06245
56.09929
56.25586
56.34796
56.28349
56.25586
56.31112
56.22823
55.98877
55.89667
55.85983
55.69405
55.45459
55.35328
55.29802
55.11382
54.83752
54.64412
54.52439
54.29414
53.96258
53.71391
53.58497
53.34551
52.98632
52.73765
52.64555
52.53503
52.26794
52.00085
51.82586
51.66929
51.36536
51.07064
50.90487
50.83118
50.6562
50.40753
50.26017
50.26938
50.21412
50.04834
49.91019
49.91019
49.93782
49.83651
49.7352
49.76283
49.88256
49.90098
49.81809
49.88256
50.07597
50.15886
50.15886
50.21412
50.38911
50.49963
50.50883
50.57331
50.75751
50.89566
50.87724
50.87724
51.07064
51.22721
51.22721
51.21801
51.31931
51.42983
51.39299
51.34694
51.4022
51.51272
51.46667
51.33773
51.34694
51.44825
51.4022
51.28247
51.22721
51.27327
51.19958
51.01538
50.9325
50.91407
50.84961
50.67461
50.54568
50.53646
50.54568
50.38911
50.22333
50.14965
50.15886
50.06676
49.89177
49.79046
49.84572
49.84572
49.70757
49.60626
49.67994
49.74441
49.67073
49.57863
49.59705
49.67994
49.63389
49.54179
49.54179
49.67073
49.72599
49.66152
49.63389
49.79046
49.91019
49.89177
49.88256
49.96545
50.07597
50.04834
50.02071
50.1036
50.25096
50.26017
50.18649
50.22333
50.37069
50.40753
50.34306
50.33385
50.44437
50.472
50.3799
50.33385
50.41674
50.4812
50.41674
50.31543
50.3799
50.472
50.42595
50.32464
50.30622
50.3799
50.32464
50.18649
50.12202
50.20491
50.21412
50.07597
49.97466
50.05755
50.1036
49.99308
49.90098
49.91019
49.96545
49.91019
49.79046
49.78125
49.88256
49.88256
49.77204
49.75362
49.86414
49.9194
49.84572
49.77204
49.83651
49.91019
49.83651
49.76283
49.80888
49.93782
49.9194
49.80888
49.83651
49.96545
50.02071
49.95624
49.93782
50.04834
50.1036
50.02992
49.98387
50.06676
50.15886
50.1036
50.0115
50.06676
50.1957
50.18649
50.1036
50.1036
50.20491
50.18649
50.05755
50.02992
50.12202
50.18649
50.08518
50.02992
50.1036
50.1957
50.13123
50.05755
50.07597
50.14044
50.08518
49.96545
49.94703
50.04834
50.04834
49.93782
49.90098
50.0115
50.04834
49.94703
49.88256
49.92861
49.99308
49.92861
49.83651
49.86414
49.96545
49.95624
49.85493
49.85493
49.98387
50.02071
49.92861
49.89177
49.96545
50.0115
49.90098
49.83651
49.89177
50.0115
49.96545
49.87335
49.92861
50.07597
50.07597
49.99308
49.98387
50.07597
50.08518
49.97466
49.95624
50.04834
50.11281
50.03913
49.95624
50.03913
50.14044
50.09439
50.02071
50.02992
50.11281
50.07597
49.96545
49.94703
50.05755
50.1036
50.0115
49.94703
50.05755
50.11281
50.05755
49.98387
50.02992
50.09439
50.02992
49.92861
49.93782
50.04834
50.03913
49.91019
49.90098
50.02992
50.06676
49.97466
49.92861
50.0115
50.05755
49.96545
49.89177
49.93782
50.05755
49.99308
49.88256
49.90098
50.02992
50.03913
49.94703
49.92861
50.02071
50.03913
49.93782
49.90098
49.98387
50.05755
49.95624
49.86414
49.92861
50.04834
50.02992
49.95624
49.96545
50.08518
50.06676
49.95624
49.94703
50.05755
50.09439
49.98387
49.92861
50.02992
50.11281
50.06676
50.02071
50.14044
50.37069
50.50883
50.72988
51.15353
51.66008
52.10216
52.66397
53.39156
54.08231
54.7178
55.50985
56.32033
57.04792
57.87682
58.75176
59.53461
60.40956
61.34898
62.17788
63.05282
63.97382
64.83956
65.76056
66.68156
67.53808
68.50513
69.40771
70.26424
71.19444
72.06018
72.94434
73.82849
74.62976
75.54155
76.39808
77.25461
78.10192
78.9124
79.75972
80.5702
81.42673
82.26483
83.05689
83.83974
84.60416
85.40543
86.17907
86.97113
87.73556
88.47236
89.14468
89.86306
90.59986
91.27219
91.91689
92.53395
93.13261
93.63915
94.18254
94.68909
95.14959
95.59167
95.96928
96.2732
96.56792
96.83501
97.06526
97.26788
97.43366
97.5626
97.61786
97.67312
97.6547
97.66391
97.64549
97.59944
97.48892
97.40603
97.29551
97.22183
97.13894
97.01
96.85343
96.66924
96.55872
96.4482
96.3653
96.25478
96.13506
96.04295
95.96928
95.91402
95.84033
95.84033
95.82191
95.84033
95.81271
95.81271
95.83112
95.91402
96.05216
96.1719
96.29163
96.37451
96.53108
96.66924
96.85343
97.04684
97.24946
97.40603
97.58102
97.76522
97.94021
98.14283
98.35466
98.55728
98.73227
98.88884
99.02699
99.18356
99.32171
99.46906
99.56116
99.6901
99.79141
99.92957
100.0401
100.0953
100.1046
100.1322
100.169
100.2151
100.2427
100.2519
100.2519
100.2427
100.2151
100.169
100.169
100.1138
100.0585
99.96641
99.93877
99.89272
99.85589
99.7822
99.70853
99.61642
99.55196
99.51511
99.46906
99.43223
99.36776
99.3125
99.22961
99.18356
99.1283
99.11909
99.1375
99.1375
99.08224
99.05462
99.03619
99.04541
99.10988
99.14671
99.18356
99.18356
99.20197
99.20197
99.23882
99.28487
99.34933
99.38618
99.44144
99.47828
99.57037
99.66248
99.69932
99.72694
99.76379
99.85589
99.92036
100.0032
100.0585
100.0861
100.123
100.1506
100.123
100.1782
100.2059
100.2519
100.2703
100.2888
100.2888
100.2888
100.2611
100.2243
100.1782
100.169
100.1874
100.1874
100.2151
100.2059
100.1414
100.0677
100.0217
99.95719
99.97562
100.0032
99.97562
99.90193
99.8651
99.80063
99.80063
99.80063
99.79141
99.79141
99.79141
99.7822
99.75458
99.75458
99.72694
99.69932
99.67168
99.6901
99.69932
99.72694
99.75458
99.77299
99.74536
99.73615
99.75458
99.75458
99.8651
99.91115
99.93877
99.92957
99.95719
99.96641
99.99403
100.0032
100.0217
100.0217
100.0585
100.0861
100.0953
100.0953
100.0861
100.0585
100.0493
100.0677
100.1046
100.1506
100.169
100.169
100.1506
100.1322
100.0953
100.1046
100.123
100.123
100.0953
100.0769
100.0585
100.0677
100.0677
100.0493
100.0493
100.0493
100.0677
100.0677
100.0769
100.0493
100.0125
99.94798
99.94798
99.93877
99.96641
99.97562
99.97562
99.92957
99.91115
99.88351
99.89272
99.92036
99.92957
99.93877
99.93877
99.92957
99.90193
99.91115
99.90193
99.91115
99.90193
99.93877
99.95719
99.95719
99.93877
99.92957
99.92036
99.92036
99.93877
99.95719
100.0032
100.0217
100.0217
99.97562
99.95719
99.94798
99.96641
99.97562
100.0217
100.0217
100.0309
100.0217
100.0493
100.0585
100.0401
100.0309
100.0309
100.0677
100.0769
100.0861
100.0861
100.0677
100.0217
100.0125
99.97562
100.0125
100.0401
100.0493
100.0401
100.0217
99.96641
99.93877
99.93877
99.94798
99.93877
99.92957
99.94798
99.94798
99.96641
99.97562
99.94798
99.89272
99.89272
99.91115
99.94798
99.96641
99.97562
99.96641
99.97562
99.95719
99.96641
100.0032
100.0125
100.0217
100.0217
100.0401
100.0493
100.0677
100.0401
100.0309
100.0217
100.0401
100.0309
100.0585
100.0769
100.0585
100.0125
99.97562
99.99403
100.0032
100.0125
100.0401
100.0493
100.0217
100.0032
99.94798
99.95719
99.94798
99.96641
99.96641
99.99403
99.99403
99.99403
100.0032
99.97562
99.94798
99.93877
99.95719
99.99403
100.0032
100.0125
100.0125
99.95719
99.88351
99.64406
99.60722
99.5888
99.30328
98.87041
98.40071
97.92179
97.33235
96.70607
95.9969
95.26011
94.44042
93.5931
92.77341
91.86163
90.99589
90.10252
89.10784
88.18684
87.18296
86.18828
85.25807
84.25419
83.26872
82.3293
81.30699
80.33995
79.39132
78.36901
77.38354
76.49017
75.48629
74.44556
73.55219
72.6404
71.6181
70.70631
69.81294
68.86432
68.35777
67.07758
66.23947
65.26321
64.34222
63.59621
62.79494
61.92921
61.21083
60.68586
60.06879
59.72802
58.83466
58.42942
57.9505
57.3979
56.98345
56.72557
56.43085
56.09008
55.8322
55.74931
55.59274
55.3717
55.28881
55.32565
55.34407
55.26118
55.33486
55.47301
55.52827
55.50985
55.62958
55.76773
55.76773
55.81378
55.98877
56.1085
56.09008
56.14534
56.31112
56.35717
56.28349
56.31112
56.37559
56.28349
56.08087
55.99798
55.94272
55.73089
55.62037
55.4638
55.39933
55.20592
54.97567
54.82832
54.68095
54.40466
54.13757
53.99021
53.85206
53.59418
53.26262
53.03237
52.93106
52.76528
52.53503
52.36925
52.24952
52.03769
51.69692
51.41142
51.28247
51.16274
50.91407
50.77592
50.56409
50.54568
50.39832
50.20491
50.07597
50.07597
50.03913
49.87335
49.79967
49.86414
49.93782
49.89177
49.83651
49.86414
50.08518
50.1036
50.07597
50.16807
50.32464
50.3799
50.37069
50.46279
50.64698
50.73909
50.69304
50.76672
50.96933
51.08907
51.07985
51.1167
51.25484
51.3101
51.25484
51.25484
51.36536
51.44825
51.38379
51.32853
51.4022
51.45746
51.35616
51.25484
51.24564
51.25484
51.14433
50.99696
50.95092
50.98775
50.89566
50.68383
50.59172
50.63778
50.60094
50.45358
50.31543
50.31543
50.29701
50.13123
49.98387
49.96545
50.02071
49.91019
49.7352
49.68915
49.76283
49.76283
49.67073
49.61547
49.68915
49.71678
49.61547
49.56021
49.62468
49.74441
49.70757
49.61547
49.68915
49.85493
49.88256
49.83651
49.84572
49.97466
50.02992
49.94703
49.95624
50.09439
50.20491
50.15886
50.13123
50.26017
50.39832
50.3799
50.32464
50.38911
50.44437
50.44437
50.34306
50.3799
50.49042
50.51805
50.38911
50.36148
50.45358
50.49963
50.42595
50.36148
50.39832
50.41674
50.29701
50.1957
50.1957
50.27859
50.22333
50.09439
50.09439
50.18649
50.14965
50.03913
49.96545
49.98387
50.02992
49.89177
49.79967
49.84572
49.89177
49.83651
49.71678
49.7352
49.86414
49.85493
49.76283
49.7352
49.83651
49.84572
49.75362
49.7352
49.81809
49.87335
49.76283
49.70757
49.80888
49.95624
49.93782
49.87335
49.87335
50.03913
50.02992
49.93782
49.95624
50.0115
50.12202
50.03913
50.02071
50.13123
50.21412
50.14044
50.08518
50.15886
50.25096
50.18649
50.08518
50.11281
50.22333
50.20491
50.09439
50.09439
50.20491
50.22333
50.13123
50.08518
50.14044
50.16807
50.04834
49.95624
49.95624
50.08518
50.02071
49.90098
49.94703
50.06676
50.03913
49.94703
49.9194
49.98387
49.97466
49.86414
49.80888
49.88256
49.94703
49.88256
49.79967
49.87335
49.98387
49.94703
49.91019
49.87335
49.96545
49.94703
49.83651
49.80888
49.94703
49.99308
49.9194
49.88256
49.99308
50.09439
50.02992
49.96545
50.02071
50.09439
50.03913
49.94703
49.97466
50.09439
50.09439
49.98387
49.99308
50.13123
50.18649
50.14965
50.06676
50.14044
50.1957
50.09439
50.03913
50.05755
50.16807
50.12202
50.0115
50.03913
50.14044
50.13123
50.02992
49.98387
50.06676
50.07597
49.94703
49.89177
49.95624
50.02992
49.94703
49.86414
49.92861
50.05755
50.05755
49.9194
49.9194
50.02071
49.98387
49.91019
49.81809
49.91019
49.96545
49.90098
49.85493
49.93782
50.02071
49.95624
49.87335
49.87335
49.95624
49.95624
49.86414
49.86414
50.0115
50.03913
49.96545
49.88256
50.02071
50.07597
50.06676
49.97466
49.98387
50.12202
50.1036
49.98387
49.99308
50.06676
50.12202
50.03913
49.99308
50.12202
50.15886
50.11281
50.03913
50.09439
50.27859
50.30622
50.42595
50.73909
51.14433
51.52193
52.2311
52.89422
53.22578
53.80601
54.47834
55.62958
55.98877
56.72557
57.59131
58.4202
59.18463
60.08721
60.98058
62.25156
63.17255
63.59621
64.92245
65.38295
66.26711
67.16969
68.13673
69.01168
69.93268
70.85368
71.69178
72.59436
73.45088
74.32584
75.66128
76.07573
76.96909
77.80721
78.65452
79.51105
80.2939
81.15042
81.9609
82.77138
83.56344
84.36471
85.15676
85.9304
86.72246
87.43163
88.17764
88.90523
89.64202
90.34198
91.06036
91.76031
92.45107
93.10497
93.69441
94.2378
94.75356
95.29694
95.77586
96.19032
96.52187
96.88107
97.21262
97.51655
97.73759
97.88495
97.98626
98.06915
98.1152
98.16125
98.22572
98.21651
98.16125
98.06915
97.98626
97.87574
97.72838
97.63628
97.47971
97.27709
97.1021
96.94553
96.76133
96.60477
96.42056
96.30083
96.13506
96.00612
95.85876
95.78507
95.73903
95.65614
95.61929
95.56403
95.59167
95.60088
95.64693
95.7114
95.76665
95.83112
95.93243
96.09821
96.2732
96.47582
96.65081
96.80738
96.94553
97.18499
97.39682
97.62707
97.88495
98.09678
98.29019
98.52044
98.71384
98.93489
99.15593
99.33092
99.4967
99.66248
99.80063
99.92036
100.0585
100.169
100.2519
100.3164
100.3993
100.4545
100.5282
100.5835
100.6019
100.5651
100.5374
100.4914
100.4822
100.4545
100.3809
100.3072
100.2427
100.2059
100.1322
100.0769
99.96641
99.85589
99.70853
99.64406
99.55196
99.47828
99.40459
99.3125
99.19276
99.11909
99.06383
99.02699
99.00857
98.98093
98.9441
98.852
98.84279
98.852
98.87963
98.89805
98.93489
98.92567
98.92567
98.95331
99.00857
99.07304
99.1375
99.18356
99.22961
99.3125
99.35854
99.44144
99.51511
99.59801
99.66248
99.74536
99.82825
99.92036
100.0217
100.0861
100.1138
100.1414
100.1967
100.2335
100.298
100.344
100.3716
100.3901
100.3993
100.4177
100.4269
100.4085
100.4177
100.3809
100.3809
100.3716
100.3809
100.3624
100.3072
100.2611
100.2243
100.1874
100.1414
100.1322
100.1138
100.0769
99.97562
99.92957
99.87431
99.87431
99.85589
99.82825
99.77299
99.73615
99.67168
99.64406
99.63484
99.61642
99.61642
99.60722
99.60722
99.59801
99.60722
99.5888
99.57958
99.57037
99.63484
99.67168
99.69932
99.72694
99.73615
99.71774
99.73615
99.75458
99.80063
99.88351
99.93877
99.99403
100.0217
100.0401
100.0309
100.0585
100.0677
100.0953
100.1046
100.1414
100.1506
100.1967
100.2243
100.2335
100.1967
100.1967
100.2335
100.2519
100.2795
100.2888
100.2703
100.2243
100.2059
100.1874
100.1782
100.1414
100.1414
100.1138
100.1046
100.0953
100.0861
100.0493
100.0125
100.0032
99.99403
99.97562
99.94798
99.96641
99.93877
99.89272
99.82825
99.81905
99.79141
99.81905
99.83746
99.84667
99.82825
99.81905
99.7822
99.7822
99.80063
99.82825
99.83746
99.81905
99.83746
99.84667
99.85589
99.83746
99.8651
99.87431
99.91115
99.93877
99.97562
100.0217
100.0401
100.0125
99.96641
99.94798
99.97562
100.0493
100.0953
100.123
100.1138
100.1138
100.1046
100.1046
100.0861
100.1138
100.1322
100.1506
100.1414
100.1506
100.169
100.1414
100.0953
100.0677
100.0861
100.1046
100.1322
100.169
100.1506
100.1138
100.0861
100.0125
100.0125
100.0217
100.0401
100.0217
100.0125
100.0032
99.99403
99.97562
99.95719
99.92957
99.90193
99.90193
99.88351
99.89272
99.89272
99.88351
99.81905
99.81905
99.81905
99.85589
99.8651
99.85589
99.82825
99.83746
99.82825
99.85589
99.90193
99.89272
99.91115
99.92036
99.92957
99.92957
99.92957
99.91115
99.92036
99.91115
99.95719
99.97562
100.0217
100.0493
100.0401
99.99403
99.97562
100.0032
100.0401
100.0769
100.1046
100.1138
100.0953
100.0953
100.0861
100.0861
100.0769
100.0861
100.0769
100.0953
100.1046
100.1046
100.1138
100.1046
100.0585
100.0401
100.0493
99.89272
99.71774
99.63484
99.4138
99.02699
98.64938
98.15204
97.59944
97.00079
96.31004
95.59167
94.76277
93.97071
93.09576
92.19318
91.32745
90.3604
89.46703
88.5184
87.46847
86.53826
85.562
84.51206
83.56344
82.55955
81.51882
80.5702
79.56631
78.51637
77.59538
76.64674
75.5876
74.67581
73.77323
72.74171
71.79309
70.93656
69.98794
69.02089
68.15515
67.29862
66.32236
65.36452
64.58168
63.76199
62.83178
61.99368
61.31214
60.65823
59.95827
59.35962
58.88992
58.35574
57.73867
57.25054
56.94661
56.62426
56.22823
55.91509
55.76773
55.57432
55.32565
55.19671
55.20592
55.16908
55.04935
55.05856
55.20592
55.25197
55.25197
55.3717
55.53748
55.59274
55.63879
55.82299
55.99798
56.03482
56.09929
56.30191
56.42164
56.40322
56.43085
56.54137
56.54137
56.43085
56.35717
56.31112
56.16376
55.97956
55.91509
55.87825
55.69405
55.45459
55.34407
55.23355
54.94804
54.65332
54.46912
54.31256
53.981
53.60339
53.38235
53.23499
52.9679
52.67318
52.48898
52.36925
52.12058
51.77981
51.48509
51.33773
51.19038
50.89566
50.61015
50.4812
50.45358
50.2878
50.06676
49.93782
49.93782
49.89177
49.72599
49.63389
49.68915
49.7352
49.66152
49.57863
49.67073
49.84572
49.89177
49.91019
49.99308
50.16807
50.25096
50.25096
50.34306
50.58252
50.69304
50.70224
50.81277
51.04301
51.18116
51.18116
51.22721
51.38379
51.48509
51.44825
51.46667
51.5864
51.66929
51.5864
51.53114
51.63245
51.68771
51.60482
51.50351
51.52193
51.54956
51.4022
51.25484
51.20879
51.21801
51.09827
50.90487
50.80355
50.82198
50.74829
50.54568
50.38911
50.37069
50.30622
50.11281
49.93782
49.89177
49.9194
49.79967
49.61547
49.56942
49.65231
49.63389
49.52337
49.44969
49.51416
49.54179
49.43127
49.3668
49.41285
49.54179
49.54179
49.47732
49.52337
49.68915
49.74441
49.70757
49.72599
49.86414
49.92861
49.89177
49.91019
50.04834
50.15886
50.14044
50.12202
50.25096
50.40753
50.41674
50.38911
50.44437
50.56409
50.54568
50.46279
50.49042
50.61015
50.61015
50.49963
50.472
50.59172
50.62857
50.54568
50.472
50.50883
50.51805
50.40753
50.29701
50.30622
50.3799
50.2878
50.14044
50.13123
50.21412
50.18649
50.04834
49.95624
50.0115
49.98387
49.84572
49.74441
49.78125
49.86414
49.77204
49.65231
49.67073
49.79046
49.79046
49.69836
49.67994
49.77204
49.79046
49.68915
49.66152
49.75362
49.83651
49.75362
49.68915
49.78125
49.9194
49.91019
49.86414
49.90098
50.02992
50.03913
49.96545
49.98387
50.11281
50.15886
50.06676
50.03913
50.15886
50.26017
50.20491
50.14965
50.21412
50.27859
50.21412
50.12202
50.14965
50.26017
50.24175
50.12202
50.13123
50.26017
50.27859
50.1957
50.14044
50.21412
50.23254
50.13123
50.06676
50.11281
50.20491
50.1036
49.97466
50.0115
50.11281
50.08518
49.96545
49.92861
50.0115
49.98387
49.84572
49.79046
49.86414
49.92861
49.84572
49.74441
49.80888
49.9194
49.88256
49.79967
49.80888
49.92861
49.90098
49.79046
49.79046
49.90098
49.92861
49.83651
49.79046
49.92861
50.02992
49.97466
49.92861
49.98387
50.06676
50.02992
49.95624
49.98387
50.11281
50.12202
50.02992
50.04834
50.18649
50.22333
50.14044
50.1036
50.18649
50.21412
50.12202
50.05755
50.1036
50.1957
50.13123
50.0115
50.03913
50.15886
50.15886
50.07597
50.03913
50.12202
50.11281
49.99308
49.94703
50.02071
50.07597
49.99308
49.9194
49.97466
50.08518
50.02992
49.9194
49.91019
49.99308
49.95624
49.81809
49.79046
49.89177
49.93782
49.85493
49.80888
49.91019
49.98387
49.93782
49.88256
49.90098
49.96545
49.91019
49.80888
49.83651
49.94703
49.97466
49.88256
49.87335
49.99308
50.05755
49.99308
49.94703
50.02992
50.09439
50.02071
49.93782
49.97466
50.1036
50.08518
49.98387
50.02992
50.14965
50.15886
50.09439
50.06676
50.14965
50.1957
50.14044
50.22333
50.49042
50.83118
51.10748
51.54035
52.15742
52.71923
53.25341
53.93495
54.67175
55.33486
56.09008
56.92819
57.70183
58.49389
59.4333
60.31746
61.15557
62.09499
62.97914
63.81725
64.76588
65.65004
66.53419
67.48282
68.34856
69.27876
70.19055
71.01945
71.93124
72.80619
73.69035
74.61134
75.44945
76.33361
77.17171
78.00983
78.85714
79.66762
80.54256
81.38988
82.20957
82.98321
83.77527
84.59496
85.34097
86.13302
86.89745
87.67109
88.4171
89.1631
89.85385
90.5446
91.27219
91.96294
92.58921
93.16023
93.71283
94.21938
94.74435
95.20485
95.65614
96.04295
96.41135
96.71529
96.98238
97.20341
97.3784
97.52576
97.63628
97.72838
97.79285
97.8389
97.82048
97.79285
97.73759
97.70996
97.59023
97.47971
97.34156
97.21262
97.08368
96.93633
96.79817
96.57713
96.46661
96.33768
96.21794
96.07059
95.96928
95.86797
95.79429
95.74824
95.68377
95.66534
95.61929
95.64693
95.64693
95.69298
95.75745
95.82191
95.91402
96.02454
96.1719
96.30083
96.48503
96.65081
96.84422
97.01921
97.22183
97.42445
97.63628
97.8389
98.04152
98.23493
98.41913
98.63096
98.852
99.04541
99.22961
99.39539
99.52432
99.64406
99.75458
99.91115
100.0217
100.1322
100.2059
100.298
100.3809
100.4453
100.4914
100.5098
100.4822
100.4637
100.4453
100.4269
100.4269
100.3809
100.3256
100.2427
100.1782
100.0585
99.97562
99.92036
99.8651
99.76379
99.68089
99.57958
99.51511
99.45985
99.37697
99.29408
99.2204
99.17435
99.10988
99.07304
99.01778
98.99936
98.96252
98.95331
98.95331
98.96252
98.97173
98.95331
98.95331
98.98093
99.02699
99.09145
99.1375
99.16514
99.19276
99.21119
99.29408
99.35854
99.46906
99.55196
99.63484
99.6901
99.73615
99.77299
99.83746
99.92036
99.97562
100.0309
100.0769
100.1506
100.2059
100.2427
100.2703
100.2703
100.2427
100.2795
100.3164
100.3716
100.3993
100.3901
100.3532
100.3072
100.2888
100.2703
100.2703
100.2703
100.2519
100.2151
100.1967
100.1414
100.1046
100.0769
100.0401
99.96641
99.93877
99.91115
99.91115
99.87431
99.82825
99.77299
99.73615
99.72694
99.70853
99.72694
99.75458
99.71774
99.64406
99.61642
99.57037
99.5888
99.64406
99.6901
99.69932
99.69932
99.70853
99.70853
99.70853
99.70853
99.72694
99.74536
99.76379
99.80063
99.87431
99.90193
99.92036
99.91115
99.93877
99.97562
100.0217
100.0493
100.0585
100.0493
100.0493
100.0493
100.0861
100.1414
100.1414
100.1414
100.1414
100.1506
100.169
100.1967
100.1967
100.2059
100.1782
100.1874
100.2059
100.2151
100.2151
100.1967
100.1322
100.0861
100.0493
100.0401
100.0677
100.0861
100.0861
100.0493
100.0309
100.0125
100.0032
99.95719
99.97562
99.95719
99.96641
99.94798
99.94798
99.93877
99.90193
99.84667
99.82825
99.84667
99.8651
99.90193
99.92036
99.92036
99.87431
99.85589
99.82825
99.84667
99.88351
99.92036
99.90193
99.89272
99.90193
99.91115
99.91115
99.89272
99.88351
99.91115
99.96641
99.96641
99.96641
99.96641
99.94798
99.90193
99.93877
99.97562
100.0309
100.0677
100.1138
100.0953
100.0861
100.0677
100.0861
100.123
100.123
100.1138
100.1138
100.123
100.1138
100.1414
100.1322
100.1138
100.0677
100.0677
100.0677
100.0861
100.123
100.123
100.0861
100.0585
100.0309
100.0217
100.0401
100.0217
99.99403
99.95719
99.96641
99.95719
99.95719
99.93877
99.93877
99.92036
99.93877
99.93877
99.95719
99.99403
99.96641
99.90193
99.88351
99.90193
99.92957
99.97562
99.97562
99.95719
99.92036
99.91115
99.89272
99.92957
99.96641
99.99403
99.97562
99.96641
99.94798
99.96641
100.0032
100.0032
99.99403
99.97562
100.0125
100.0309
100.0401
100.0309
100.0217
99.97562
100.0032
100.0125
100.0401
100.0677
100.0585
100.0401
100.0401
100.0309
100.0309
100.0585
100.0677
100.0677
100.0493
100.0493
100.0125
99.94798
99.66248
99.29408
99.08224
98.87963
98.46518
97.97705
97.46129
96.83501
96.18111
95.4351
94.67067
93.85098
92.97604
92.12872
91.1893
90.27751
89.3381
88.30657
87.34874
86.38169
85.35938
84.43839
83.45292
82.44903
81.5004
80.4781
79.42816
78.49796
77.50327
76.44413
75.54155
74.60213
73.5614
72.6312
71.72862
70.75237
69.77611
68.91958
67.99858
66.96706
66.10133
65.3369
64.47116
63.53174
62.73047
62.0121
61.23846
60.52008
59.9859
59.49777
58.87149
58.25443
57.83998
57.49
57.04792
56.60584
56.32033
56.14534
55.86904
55.59274
55.48222
55.4638
55.36249
55.21513
55.2796
55.3717
55.35328
55.35328
55.50064
55.60195
55.61116
55.69405
55.84141
55.93351
55.9243
56.06245
56.25586
56.31112
56.28349
56.36638
56.45848
56.39401
56.33875
56.37559
56.34796
56.12692
55.9243
55.90588
55.82299
55.61116
55.43617
55.36249
55.1783
54.89278
54.68095
54.5428
54.3586
54.02705
53.74154
53.58497
53.40998
53.09684
52.80212
52.67318
52.58108
52.33241
52.0469
51.84428
51.68771
51.43904
51.13511
50.9417
50.86803
50.74829
50.49963
50.27859
50.20491
50.15886
49.99308
49.81809
49.77204
49.83651
49.80888
49.69836
49.69836
49.84572
49.92861
49.89177
49.89177
50.02071
50.14044
50.13123
50.14965
50.29701
50.472
50.49042
50.4812
50.64698
50.85881
50.9325
50.9325
51.03381
51.19958
51.22721
51.19958
51.29168
51.43904
51.44825
51.35616
51.39299
51.54035
51.56798
51.48509
51.46667
51.54956
51.54035
51.4022
51.31931
51.33773
51.31931
51.14433
50.97855
50.96933
50.99696
50.85881
50.69304
50.62857
50.63778
50.51805
50.31543
50.22333
50.24175
50.1957
50.0115
49.86414
49.88256
49.9194
49.78125
49.66152
49.62468
49.67073
49.60626
49.48653
49.44969
49.54179
49.56942
49.4589
49.42206
49.53258
49.62468
49.59705
49.56021
49.62468
49.75362
49.7352
49.67994
49.7352
49.89177
49.95624
49.89177
49.9194
50.08518
50.18649
50.14965
50.14965
50.2878
50.3799
50.32464
50.29701
50.39832
50.50883
50.46279
50.3799
50.45358
50.59172
50.57331
50.49042
50.49042
50.59172
50.54568
50.39832
50.37069
50.45358
50.4812
50.3799
50.29701
50.37069
50.39832
50.2878
50.16807
50.18649
50.23254
50.14044
50.0115
49.96545
50.04834
50.03913
49.90098
49.81809
49.91019
49.93782
49.83651
49.74441
49.78125
49.84572
49.7352
49.63389
49.66152
49.76283
49.75362
49.65231
49.66152
49.79046
49.84572
49.78125
49.75362
49.85493
49.9194
49.83651
49.78125
49.86414
49.98387
49.95624
49.88256
49.95624
50.1036
50.11281
50.04834
50.03913
50.14965
50.16807
50.07597
50.04834
50.14965
50.23254
50.16807
50.11281
50.20491
50.29701
50.26017
50.16807
50.1957
50.27859
50.23254
50.1036
50.08518
50.18649
50.1957
50.08518
50.03913
50.13123
50.1957
50.1036
50.02992
50.05755
50.12202
50.02992
49.92861
49.93782
50.03913
50.02071
49.91019
49.90098
50.02071
50.02992
49.92861
49.88256
49.95624
49.99308
49.90098
49.80888
49.85493
49.96545
49.93782
49.85493
49.89177
50.02071
50.0115
49.92861
49.9194
50.02071
50.03913
49.92861
49.88256
49.97466
50.04834
49.96545
49.89177
49.97466
50.1036
50.06676
49.98387
50.0115
50.11281
50.07597
49.95624
49.94703
50.06676
50.12202
50.03913
49.98387
50.1036
50.18649
50.1036
50.03913
50.07597
50.14965
50.1036
50.0115
50.02071
50.11281
50.09439
49.96545
49.95624
50.08518
50.13123
50.04834
49.98387
50.05755
50.1036
50.0115
49.9194
49.95624
50.05755
50.02992
49.92861
49.95624
50.05755
50.04834
49.93782
49.90098
49.97466
49.99308
49.89177
49.83651
49.90098
49.98387
49.91019
49.79967
49.87335
49.99308
49.98387
49.91019
49.90098
50.0115
49.99308
49.89177
49.87335
49.96545
50.02992
49.93782
49.85493
49.93782
50.04834
49.99308
49.9194
49.95624
50.04834
50.02071
49.94703
50.02992
50.27859
50.49042
50.68383
51.08907
51.64166
52.14821
52.62713
53.29946
53.99942
54.61649
55.36249
56.19139
56.95582
57.7663
58.6965
59.53461
60.3543
61.2753
62.15945
63.00677
63.94619
64.81193
65.69608
66.6263
67.48282
68.42224
69.35245
70.19976
71.12076
71.96808
72.84303
73.78245
74.64819
75.54155
76.39808
77.25461
78.11113
78.92161
79.78735
80.60703
81.42673
82.24641
83.04768
83.83053
84.59496
85.41464
86.2067
86.96192
87.66188
88.40788
89.1631
89.8999
90.6367
91.29061
91.92609
92.51553
93.16023
93.74967
94.32069
94.85487
95.31537
95.70219
96.07059
96.38372
96.70607
97.02842
97.26788
97.44287
97.5626
97.69154
97.7468
97.82048
97.84811
97.84811
97.77443
97.70996
97.60865
97.53497
97.46129
97.34156
97.21262
97.03764
96.89027
96.74291
96.6416
96.50346
96.34689
96.19032
96.07059
96.00612
95.91402
95.84033
95.76665
95.7206
95.66534
95.64693
95.65614
95.70219
95.8035
95.88638
95.96928
96.01533
96.13506
96.2732
96.4482
96.6416
96.83501
96.98238
97.12052
97.27709
97.47971
97.72838
97.94942
98.14283
98.31782
98.52044
98.70464
98.89805
99.05462
99.2204
99.35854
99.52432
99.67168
99.82825
99.94798
100.0493
100.1138
100.1874
100.2427
100.298
100.3809
100.4177
100.4361
100.4361
100.4269
100.4085
100.3809
100.3164
100.2703
100.1874
100.1414
100.0769
100.0217
99.95719
99.87431
99.74536
99.66248
99.5888
99.54275
99.50591
99.4138
99.32171
99.20197
99.15593
99.11909
99.10988
99.06383
99.01778
98.95331
98.92567
98.88884
98.90726
98.95331
98.99015
99.01778
99.00857
99.02699
99.04541
99.08224
99.11909
99.18356
99.2204
99.30328
99.35854
99.40459
99.46906
99.52432
99.56116
99.60722
99.67168
99.73615
99.84667
99.93877
99.99403
99.99403
100.0309
100.0493
100.0953
100.1782
100.2519
100.2611
100.2795
100.2795
100.2795
100.2888
100.2888
100.2795
100.2611
100.2703
100.2795
100.2703
100.2427
100.2059
100.1322
100.1138
100.0861
100.0953
100.1138
100.1322
100.0861
100.0401
99.97562
99.93877
99.92957
99.92957
99.92036
99.90193
99.87431
99.83746
99.80063
99.77299
99.77299
99.73615
99.74536
99.74536
99.77299
99.7822
99.75458
99.70853
99.68089
99.69932
99.72694
99.77299
99.80063
99.81905
99.79141
99.80063
99.81905
99.85589
99.85589
99.8651
99.87431
99.91115
99.92036
99.93877
99.94798
99.95719
99.96641
100.0125
100.0493
100.0677
100.123
100.1414
100.1414
100.1046
100.0953
100.0953
100.123
100.1506
100.1782
100.169
100.1782
100.1414
100.123
100.123
100.1046
100.0953
100.1046
100.1046
100.1046
100.1138
100.1046
100.0769
100.0032
100.0032
100.0032
100.0032
100.0125
100.0217
99.96641
99.92957
99.90193
99.90193
99.92036
99.92036
99.91115
99.87431
99.8651
99.85589
99.85589
99.83746
99.84667
99.82825
99.82825
99.80063
99.85589
99.87431
99.8651
99.85589
99.85589
99.8651
99.90193
99.95719
99.95719
99.94798
99.92957
99.93877
99.94798
99.97562
100.0032
100.0309
100.0217
100.0493
100.0493
100.0401
100.0401
100.0309
100.0032
100.0217
100.0493
100.0677
100.1046
100.123
100.1046
100.0493
100.0309
100.0125
100.0493
100.0769
100.0953
100.0585
100.0493
100.0217
100.0125
100.0125
100.0125
100.0125
99.99403
100.0032
100.0032
100.0309
100.0125
99.96641
99.92036
99.93877
99.95719
100.0032
100.0125
100.0032
99.96641
99.93877
99.93877
99.94798
99.96641
99.95719
99.93877
99.92957
99.94798
99.92957
99.93877
99.94798
99.96641
99.94798
99.95719
99.96641
100.0032
100.0401
100.0493
100.0217
100.0125
100.0217
100.0401
100.0861
100.0953
100.0861
100.0585
100.0493
100.0217
100.0493
100.0677
100.0953
100.1046
100.1138
100.1138
100.1138
100.1046
100.0861
100.0585
100.0493
100.0769
100.0861
100.0861
100.0585
100.0217
99.99403
100.0217
100.0125
99.97562
99.90193
99.84667
99.69932
99.32171
98.87041
98.46518
97.96784
97.35998
50.0
50.0
50.0
50.0
50.0
50.0
50.0
50.0
50.0
50.0
50.0
50.0
50.0
50.0
50.0
50.0
50.0
50.0
50.0
50.0
50.0
50.0
50.0
50.0
50.0
50.0
50.0
50.0
50.0
50.0
50.0
50.0
50.0
50.0
50.0
50.0
50.0
50.0
50.0
50.0
50.0
50.0
50.0
50.0
50.0
50.0
50.0
50.0
50.0
50.0
50.0
50.0
50.0
50.0
50.0
50.0
50.0
50.0
50.0
50.0
50.0
50.0
50.0
50.0
50.0
50.0
50.0
50.0
50.0
50.0
50.0
50.0
50.0
50.0
50.0
50.0
50.0
50.0
50.0
50.0
50.0
50.0
50.0
50.0
50.0
50.0
50.0
50.0
50.0
50.0
50.0
50.0
50.0
50.0
50.0
50.0
50.0
50.0
50.0
50.0
50.0
50.0
50.0
50.0
50.0
50.0
50.0
50.0
50.0
50.0
50.0
50.0
50.0
50.0
50.0
50.0
50.0
50.0
50.0
50.0
50.0
50.0
50.0
50.0
50.0
50.0
50.0
50.0
50.0
50.0
50.0
50.0
50.0
50.0
50.0
50.0
50.0
50.0
50.0
50.0
50.0
50.0
50.0
50.0
50.0
50.0
50.0
50.0
50.0
50.0
50.0
50.0
50.0
50.0
50.0
50.0
50.0
50.0
50.0
50.0
50.0
50.0
50.0
50.0
50.0
50.0
50.0
50.0
50.0
50.0
50.0
50.0
50.0
50.0
50.0
50.0
50.0
50.0
50.0
50.0
50.0
50.0
50.0
50.0
50.0
50.0
50.0
50.0
50.0
50.0
50.0
50.0
50.0
50.0
50.0
50.0
50.0
50.0
50.0
50.0
50.0
50.0
50.0
50.0
50.0
50.0
50.0
50.0
50.0
50.0
50.0
50.0
50.0
50.0
50.0
50.0
50.0
50.0
50.0
50.0
50.0
50.0
50.0
50.0
50.0
50.0
50.0
50.0
50.0
50.0
50.0
50.0
50.0
50.0
50.0
50.0
50.0
50.0
50.0
50.0
50.0
50.0
50.0
50.0
50.0
50.0
50.0
50.0
50.0
50.0
50.0
50.0
50.0
50.0
50.0
50.0
50.0
50.0
50.0
50.0
50.0
50.0
50.0
50.0
50.0
50.0
50.0
50.0
50.0
50.0
50.0
50.0
50.0
50.0
50.0
50.0
50.0
50.0
50.0
50.0
50.0
50.0
50.0
50.0
50.0
50.0
50.0
50.0
50.0
50.0
50.0
50.0
50.0
50.0
50.0
50.0
50.0
50.0
50.0
50.0
50.0
50.0
50.0
50.0
50.0
50.0
50.0
50.0
50.0
50.0
50.0
50.0
50.0
50.0
50.0
50.0
50.0
50.0
50.0
50.0
50.0
50.0
50.0
50.0
50.0
50.0
50.0
50.0
50.0
50.0
50.0
50.0
50.0
50.0
50.0
50.0
50.0
50.0
50.0
50.0
50.0
50.0
50.0
50.0
50.0
50.0
50.0
50.0
50.0
50.0
50.0
50.0
50.0
50.0
50.0
50.0
50.0
50.0
50.0
50.0
50.0
50.0
50.0
50.0
50.0
50.0
50.0
50.0
50.0
50.0
50.0
50.0
50.0
50.0
50.0
50.0
50.0
50.0
50.0
50.0
50.0
50.0
50.0
50.0
50.0
50.0
50.0
50.0
50.0
100.0
100.0
100.0
100.0
100.0
100.0
100.0
100.0
100.0
100.0
100.0
100.0
100.0
100.0
100.0
100.0
100.0
100.0
100.0
100.0
100.0
100.0
100.0
100.0
100.0
100.0
100.0
100.0
100.0
100.0
100.0
100.0
100.0
100.0
100.0
100.0
100.0
100.0
100.0
100.0
100.0
100.0
100.0
100.0
100.0
100.0
100.0
100.0
100.0
100.0
100.0
100.0
100.0
100.0
100.0
100.0
100.0
100.0
100.0
100.0
100.0
100.0
100.0
100.0
100.0
100.0
100.0
100.0
100.0
100.0
100.0
100.0
100.0
100.0
100.0
100.0
100.0
100.0
100.0
100.0
100.0
100.0
100.0
100.0
100.0
100.0
100.0
100.0
100.0
100.0
100.0
100.0
100.0
100.0
100.0
100.0
100.0
100.0
100.0
100.0
100.0
100.0
100.0
100.0
100.0
100.0
100.0
100.0
100.0
100.0
100.0
100.0
100.0
100.0
100.0
100.0
100.0
100.0
100.0
100.0
100.0
100.0
100.0
100.0
100.0
100.0
100.0
100.0
100.0
100.0
100.0
100.0
100.0
100.0
100.0
100.0
100.0
100.0
100.0
100.0
100.0
100.0
100.0
100.0
100.0
100.0
100.0
100.0
100.0
100.0
100.0
100.0
100.0
100.0
100.0
100.0
100.0
100.0
100.0
100.0
100.0
100.0
100.0
100.0
100.0
100.0
100.0
100.0
100.0
100.0
100.0
100.0
100.0
100.0
100.0
100.0
100.0
100.0
100.0
100.0
100.0
100.0
100.0
100.0
100.0
100.0
100.0
100.0
100.0
100.0
100.0
100.0
100.0
100.0
100.0
100.0
100.0
100.0
100.0
100.0
100.0
100.0
100.0
100.0
100.0
100.0
100.0
100.0
100.0
100.0
100.0
100.0
100.0
100.0
100.0
100.0
100.0
100.0
100.0
100.0
100.0
100.0
100.0
100.0
100.0
100.0
100.0
100.0
100.0
100.0
100.0
100.0
100.0
100.0
100.0
100.0
100.0
100.0
100.0
100.0
100.0
100.0
100.0
100.0
100.0
100.0
100.0
100.0
100.0
100.0
100.0
100.0
100.0
100.0
100.0
100.0
100.0
100.0
100.0
100.0
100.0
100.0
100.0
100.0
100.0
100.0
100.0
100.0
100.0
100.0
100.0
100.0
100.0
100.0
100.0
100.0
100.0
100.0
100.0
100.0
100.0
100.0
100.0
100.0
100.0
100.0
100.0
100.0
100.0
100.0
100.0
100.0
100.0
100.0
100.0
100.0
100.0
100.0
100.0
100.0
100.0
100.0
100.0
100.0
100.0
100.0
100.0
100.0
100.0
100.0
100.0
100.0
100.0
100.0
100.0
100.0
100.0
100.0
100.0
100.0
100.0
100.0
100.0
100.0
100.0
100.0
100.0
100.0
100.0
100.0
100.0
100.0
100.0
100.0
100.0
100.0
100.0
100.0
100.0
100.0
100.0
100.0
100.0
100.0
100.0
100.0
100.0
100.0
100.0
100.0
100.0
100.0
100.0
100.0
100.0
100.0
100.0
100.0
100.0
100.0
100.0
100.0
100.0
100.0
100.0
100.0
100.0
100.0
100.0
100.0
100.0
100.0
100.0
100.0
100.0
100.0
100.0
100.0
100.0
100.0
100.0
100.0
100.0
100.0
100.0
100.0
100.0
100.0
100.0
100.0
100.0
100.0
100.0
100.0
100.0
100.0
100.0
100.0
100.0
100.0
50.0
50.0
50.0
50.0
50.0
50.0
50.0
50.0
50.0
50.0
50.0
50.0
50.0
50.0
50.0
50.0
50.0
50.0
50.0
50.0
50.0
50.0
50.0
50.0
50.0
50.0
50.0
50.0
50.0
50.0
50.0
50.0
50.0
50.0
50.0
50.0
50.0
50.0
50.0
50.0
50.0
50.0
50.0
50.0
50.0
50.0
50.0
50.0
50.0
50.0
50.0
50.0
50.0
50.0
50.0
50.0
50.0
50.0
50.0
50.0
50.0
50.0
50.0
50.0
50.0
50.0
50.0
50.0
50.0
50.0
50.0
50.0
50.0
50.0
50.0
50.0
50.0
50.0
50.0
50.0
50.0
50.0
50.0
50.0
50.0
50.0
50.0
50.0
50.0
50.0
50.0
50.0
50.0
50.0
50.0
50.0
50.0
50.0
50.0
50.0
50.0
50.0
50.0
50.0
50.0
50.0
50.0
50.0
50.0
50.0
50.0
50.0
50.0
50.0
50.0
50.0
50.0
50.0
50.0
50.0
50.0
50.0
50.0
50.0
50.0
50.0
50.0
50.0
50.0
50.0
50.0
50.0
50.0
50.0
50.0
50.0
50.0
50.0
50.0
50.0
50.0
50.0
50.0
50.0
50.0
50.0
50.0
50.0
50.0
50.0
50.0
50.0
50.0
50.0
50.0
50.0
50.0
50.0
50.0
50.0
50.0
50.0
50.0
50.0
50.0
50.0
50.0
50.0
50.0
50.0
50.0
50.0
50.0
50.0
50.0
50.0
50.0
50.0
50.0
50.0
50.0
50.0
50.0
50.0
50.0
50.0
50.0
50.0
50.0
50.0
50.0
50.0
50.0
50.0
50.0
50.0
50.0
50.0
50.0
50.0
50.0
50.0
50.0
50.0
50.0
50.0
50.0
50.0
50.0
50.0
50.0
50.0
50.0
50.0
50.0
50.0
50.0
50.0
50.0
50.0
50.0
50.0
50.0
50.0
50.0
50.0
50.0
50.0
50.0
50.0
50.0
50.0
50.0
50.0
50.0
50.0
50.0
50.0
50.0
50.0
50.0
50.0
50.0
50.0
50.0
50.0
50.0
50.0
50.0
50.0
50.0
50.0
50.0
50.0
50.0
50.0
50.0
50.0
50.0
50.0
50.0
50.0
50.0
50.0
50.0
50.0
50.0
50.0
50.0
50.0
50.0
50.0
50.0
50.0
50.0
50.0
50.0
50.0
50.0
50.0
50.0
50.0
50.0
50.0
50.0
50.0
50.0
50.0
50.0
50.0
50.0
50.0
50.0
50.0
50.0
50.0
50.0
50.0
50.0
50.0
50.0
50.0
50.0
50.0
50.0
50.0
50.0
50.0
50.0
50.0
50.0
50.0
50.0
50.0
50.0
50.0
50.0
50.0
50.0
50.0
50.0
50.0
50.0
50.0
50.0
50.0
50.0
50.0
50.0
50.0
50.0
50.0
50.0
50.0
50.0
50.0
50.0
50.0
50.0
50.0
50.0
50.0
50.0
50.0
50.0
50.0
50.0
50.0
50.0
50.0
50.0
50.0
50.0
50.0
50.0
50.0
50.0
50.0
50.0
50.0
50.0
50.0
50.0
50.0
50.0
50.0
50.0
50.0
50.0
50.0
50.0
50.0
50.0
50.0
50.0
50.0
50.0
50.0
50.0
50.0
50.0
50.0
50.0
50.0
50.0
50.0
50.0
50.0
50.0
50.0
50.0
50.0
50.0
50.0
50.0
50.0
50.0
50.0
50.0
50.0
100.0
100.0
100.0
100.0
100.0
100.0
100.0
100.0
100.0
100.0
100.0
100.0
100.0
100.0
100.0
100.0
100.0
100.0
100.0
100.0
100.0
100.0
100.0
100.0
100.0
100.0
100.0
100.0
100.0
100.0
100.0
100.0
100.0
100.0
100.0
100.0
100.0
100.0
100.0
100.0
100.0
100.0
100.0
100.0
100.0
100.0
100.0
100.0
100.0
100.0
100.0
100.0
100.0
100.0
100.0
100.0
100.0
100.0
100.0
100.0
100.0
100.0
100.0
100.0
100.0
100.0
100.0
100.0
100.0
100.0
100.0
100.0
100.0
100.0
100.0
100.0
100.0
100.0
100.0
100.0
100.0
100.0
100.0
100.0
100.0
100.0
100.0
100.0
100.0
100.0
100.0
100.0
100.0
100.0
100.0
100.0
100.0
100.0
100.0
100.0
100.0
100.0
100.0
100.0
100.0
100.0
100.0
100.0
100.0
100.0
100.0
100.0
100.0
100.0
100.0
100.0
100.0
100.0
100.0
100.0
100.0
100.0
100.0
100.0
100.0
100.0
100.0
100.0
100.0
100.0
100.0
100.0
100.0
100.0
100.0
100.0
100.0
100.0
100.0
100.0
100.0
100.0
100.0
100.0
100.0
100.0
100.0
100.0
100.0
100.0
100.0
100.0
100.0
100.0
100.0
100.0
100.0
100.0
100.0
100.0
100.0
100.0
100.0
100.0
100.0
100.0
100.0
100.0
100.0
100.0
100.0
100.0
100.0
100.0
100.0
100.0
100.0
100.0
100.0
100.0
100.0
100.0
100.0
100.0
100.0
100.0
100.0
100.0
100.0
100.0
100.0
100.0
100.0
100.0
100.0
100.0
100.0
100.0
100.0
100.0
100.0
100.0
100.0
100.0
100.0
100.0
100.0
100.0
100.0
100.0
100.0
100.0
100.0
100.0
100.0
100.0
100.0
100.0
100.0
100.0
100.0
100.0
100.0
100.0
100.0
100.0
100.0
100.0
100.0
100.0
100.0
100.0
100.0
100.0
100.0
100.0
100.0
100.0
100.0
100.0
100.0
100.0
100.0
100.0
100.0
100.0
100.0
100.0
100.0
100.0
100.0
100.0
100.0
100.0
100.0
100.0
100.0
100.0
100.0
100.0
100.0
100.0
100.0
100.0
100.0
100.0
100.0
100.0
100.0
100.0
100.0
100.0
100.0
100.0
100.0
100.0
100.0
100.0
100.0
100.0
100.0
100.0
100.0
100.0
100.0
100.0
100.0
100.0
100.0
100.0
100.0
100.0
100.0
100.0
100.0
100.0
100.0
100.0
100.0
100.0
100.0
100.0
100.0
100.0
100.0
100.0
100.0
100.0
100.0
100.0
100.0
100.0
100.0
100.0
100.0
100.0
100.0
100.0
100.0
100.0
100.0
100.0
100.0
100.0
100.0
100.0
100.0
100.0
100.0
100.0
100.0
100.0
100.0
100.0
100.0
100.0
100.0
100.0
100.0
100.0
100.0
100.0
100.0
100.0
100.0
100.0
100.0
100.0
100.0
100.0
100.0
100.0
100.0
100.0
100.0
100.0
100.0
100.0
100.0
100.0
100.0
100.0
100.0
100.0
100.0
100.0
100.0
100.0
100.0
100.0
100.0
100.0
100.0
100.0
100.0
100.0
100.0
100.0
100.0
100.0
100.0
100.0
100.0
100.0
100.0
100.0
100.0
100.0
100.0
100.0
100.0
100.0
100.0
100.0
100.0
100.0
100.0
100.0
100.0
100.0
50.0
50.0
50.0
50.0
50.0
50.0
50.0
50.0
50.0
50.0
50.0
50.0
50.0
50.0
50.0
50.0
50.0
50.0
50.0
50.0
50.0
50.0
50.0
50.0
50.0
50.0
50.0
50.0
50.0
50.0
50.0
50.0
50.0
50.0
50.0
50.0
50.0
50.0
50.0
50.0
50.0
50.0
50.0
50.0
50.0
50.0
50.0
50.0
50.0
50.0
50.0
50.0
50.0
50.0
50.0
50.0
50.0
50.0
50.0
50.0
50.0
50.0
50.0
50.0
50.0
50.0
50.0
50.0
50.0
50.0
50.0
50.0
50.0
50.0
50.0
50.0
50.0
50.0
50.0
50.0
50.0
50.0
50.0
50.0
50.0
50.0
50.0
50.0
50.0
50.0
50.0
50.0
50.0
50.0
50.0
50.0
50.0
50.0
50.0
50.0
50.0
50.0
50.0
50.0
50.0
50.0
50.0
50.0
50.0
50.0
50.0
50.0
50.0
50.0
50.0
50.0
50.0
50.0
50.0
50.0
50.0
50.0
50.0
50.0
50.0
50.0
50.0
50.0
50.0
50.0
50.0
50.0
50.0
50.0
50.0
50.0
50.0
50.0
50.0
50.0
50.0
50.0
50.0
50.0
50.0
50.0
50.0
50.0
50.0
50.0
50.0
50.0
50.0
50.0
50.0
50.0
50.0
50.0
50.0
50.0
50.0
50.0
50.0
50.0
50.0
50.0
50.0
50.0
50.0
50.0
50.0
50.0
50.0
50.0
50.0
50.0
50.0
50.0
50.0
50.0
50.0
50.0
50.0
50.0
50.0
50.0
50.0
50.0
50.0
50.0
50.0
50.0
50.0
50.0
50.0
50.0
50.0
50.0
50.0
50.0
50.0
50.0
50.0
50.0
50.0
50.0
50.0
50.0
50.0
50.0
50.0
50.0
50.0
50.0
50.0
50.0
50.0
50.0
50.0
50.0
50.0
50.0
50.0
50.0
50.0
50.0
50.0
50.0
50.0
50.0
50.0
50.0
50.0
50.0
50.0
50.0
50.0
50.0
50.0
50.0
50.0
50.0
50.0
50.0
50.0
50.0
50.0
50.0
50.0
50.0
50.0
50.0
50.0
50.0
50.0
50.0
50.0
50.0
50.0
50.0
50.0
50.0
50.0
50.0
50.0
50.0
50.0
50.0
50.0
50.0
50.0
50.0
50.0
50.0
50.0
50.0
50.0
50.0
50.0
50.0
50.0
50.0
50.0
50.0
50.0
50.0
50.0
50.0
50.0
50.0
50.0
50.0
50.0
50.0
50.0
50.0
50.0
50.0
50.0
50.0
50.0
50.0
50.0
50.0
50.0
50.0
50.0
50.0
50.0
50.0
50.0
50.0
50.0
50.0
50.0
50.0
50.0
50.0
50.0
50.0
50.0
50.0
50.0
50.0
50.0
50.0
50.0
50.0
50.0
50.0
50.0
50.0
50.0
50.0
50.0
50.0
50.0
50.0
50.0
50.0
50.0
50.0
50.0
50.0
50.0
50.0
50.0
50.0
50.0
50.0
50.0
50.0
50.0
50.0
50.0
50.0
50.0
50.0
50.0
50.0
50.0
50.0
50.0
50.0
50.0
50.0
50.0
50.0
50.0
50.0
50.0
50.0
50.0
50.0
50.0
50.0
50.0
50.0
50.0
50.0
50.0
50.0
50.0
50.0
50.0
50.0
50.0
50.0
50.0
50.0
50.0
50.0
50.0
50.0
50.0
50.0
50.0
50.0
50.0
50.0
100.0
100.0
100.0
100.0
100.0
100.0
100.0
100.0
100.0
100.0
100.0
100.0
100.0
100.0
100.0
100.0
100.0
100.0
100.0
100.0
100.0
100.0
100.0
100.0
100.0
100.0
100.0
100.0
100.0
100.0
100.0
100.0
100.0
100.0
100.0
100.0
100.0
100.0
100.0
100.0
100.0
100.0
100.0
100.0
100.0
100.0
100.0
100.0
100.0
100.0
100.0
100.0
100.0
100.0
100.0
100.0
100.0
100.0
100.0
100.0
100.0
100.0
100.0
100.0
100.0
100.0
100.0
100.0
100.0
100.0
100.0
100.0
100.0
100.0
100.0
100.0
100.0
100.0
100.0
100.0
100.0
100.0
100.0
100.0
100.0
100.0
100.0
100.0
100.0
100.0
100.0
100.0
100.0
100.0
100.0
100.0
100.0
100.0
100.0
100.0
100.0
100.0
100.0
100.0
100.0
100.0
100.0
100.0
100.0
100.0
100.0
100.0
100.0
100.0
100.0
100.0
100.0
100.0
100.0
100.0
100.0
100.0
100.0
100.0
100.0
100.0
100.0
100.0
100.0
100.0
100.0
100.0
100.0
100.0
100.0
100.0
100.0
100.0
100.0
100.0
100.0
100.0
100.0
100.0
100.0
100.0
100.0
100.0
100.0
100.0
100.0
100.0
100.0
100.0
100.0
100.0
100.0
100.0
100.0
100.0
100.0
100.0
100.0
100.0
100.0
100.0
100.0
100.0
100.0
100.0
100.0
100.0
100.0
100.0
100.0
100.0
100.0
100.0
100.0
100.0
100.0
100.0
100.0
100.0
100.0
100.0
100.0
100.0
100.0
100.0
100.0
100.0
100.0
100.0
100.0
100.0
100.0
100.0
100.0
100.0
100.0
100.0
100.0
100.0
100.0
100.0
100.0
100.0
100.0
100.0
100.0
100.0
100.0
100.0
100.0
100.0
100.0
100.0
100.0
100.0
100.0
100.0
100.0
100.0
100.0
100.0
100.0
100.0
100.0
100.0
100.0
100.0
100.0
100.0
100.0
100.0
100.0
100.0
100.0
100.0
100.0
100.0
100.0
100.0
100.0
100.0
100.0
100.0
100.0
100.0
100.0
100.0
100.0
100.0
100.0
100.0
100.0
100.0
100.0
100.0
100.0
100.0
100.0
100.0
100.0
100.0
100.0
100.0
100.0
100.0
100.0
100.0
100.0
100.0
100.0
100.0
100.0
100.0
100.0
100.0
100.0
100.0
100.0
100.0
100.0
100.0
100.0
100.0
100.0
100.0
100.0
100.0
100.0
100.0
100.0
100.0
100.0
100.0
100.0
100.0
100.0
100.0
100.0
100.0
100.0
100.0
100.0
100.0
100.0
100.0
100.0
100.0
100.0
100.0
100.0
100.0
100.0
100.0
100.0
100.0
100.0
100.0
100.0
100.0
100.0
100.0
100.0
100.0
100.0
100.0
100.0
100.0
100.0
100.0
100.0
100.0
100.0
100.0
100.0
100.0
100.0
100.0
100.0
100.0
100.0
100.0
100.0
100.0
100.0
100.0
100.0
100.0
100.0
100.0
100.0
100.0
100.0
100.0
100.0
100.0
100.0
100.0
100.0
100.0
100.0
100.0
100.0
100.0
100.0
100.0
100.0
100.0
100.0
100.0
100.0
100.0
100.0
100.0
100.0
100.0
100.0
100.0
100.0
100.0
100.0
100.0
100.0
100.0
100.0
100.0
100.0
100.0
100.0
100.0
100.0
100.0
100.0
100.0
100.0
100.0
50.0
50.0
50.0
50.0
50.0
50.0
50.0
50.0
50.0
50.0
50.0
50.0
50.0
50.0
50.0
50.0
50.0
50.0
50.0
50.0
50.0
50.0
50.0
50.0
50.0
50.0
50.0
50.0
50.0
50.0
50.0
50.0
50.0
50.0
50.0
50.0
50.0
50.0
50.0
50.0
50.0
50.0
50.0
50.0
50.0
50.0
50.0
50.0
50.0
50.0
50.0
50.0
50.0
50.0
50.0
50.0
50.0
50.0
50.0
50.0
50.0
50.0
50.0
50.0
50.0
50.0
50.0
50.0
50.0
50.0
50.0
50.0
50.0
50.0
50.0
50.0
50.0
50.0
50.0
50.0
50.0
50.0
50.0
50.0
50.0
50.0
50.0
50.0
50.0
50.0
50.0
50.0
50.0
50.0
50.0
50.0
50.0
50.0
50.0
50.0
50.0
50.0
50.0
50.0
50.0
50.0
50.0
50.0
50.0
50.0
50.0
50.0
50.0
50.0
50.0
50.0
50.0
50.0
50.0
50.0
50.0
50.0
50.0
50.0
50.0
50.0
50.0
50.0
50.0
50.0
50.0
50.0
50.0
50.0
50.0
50.0
50.0
50.0
50.0
50.0
50.0
50.0
50.0
50.0
50.0
50.0
50.0
50.0
50.0
50.0
50.0
50.0
50.0
50.0
50.0
50.0
50.0
50.0
50.0
50.0
50.0
50.0
50.0
50.0
50.0
50.0
50.0
50.0
50.0
50.0
50.0
50.0
50.0
50.0
50.0
50.0
50.0
50.0
50.0
50.0
50.0
50.0
50.0
50.0
50.0
50.0
50.0
50.0
50.0
50.0
50.0
50.0
50.0
50.0
50.0
50.0
50.0
50.0
50.0
50.0
50.0
50.0
50.0
50.0
50.0
50.0
50.0
50.0
50.0
50.0
50.0
50.0
50.0
50.0
50.0
50.0
50.0
50.0
50.0
50.0
50.0
50.0
50.0
50.0
50.0
50.0
50.0
50.0
50.0
50.0
50.0
50.0
50.0
50.0
50.0
50.0
50.0
50.0
50.0
50.0
50.0
50.0
50.0
50.0
50.0
50.0
50.0
50.0
50.0
50.0
50.0
50.0
50.0
50.0
50.0
50.0
50.0
50.0
50.0
50.0
50.0
50.0
50.0
50.0
50.0
50.0
50.0
50.0
50.0
50.0
50.0
50.0
50.0
50.0
50.0
50.0
50.0
50.0
50.0
50.0
50.0
50.0
50.0
50.0
50.0
50.0
50.0
50.0
50.0
50.0
50.0
50.0
50.0
50.0
50.0
50.0
50.0
50.0
50.0
50.0
50.0
50.0
50.0
50.0
50.0
50.0
50.0
50.0
50.0
50.0
50.0
50.0
50.0
50.0
50.0
50.0
50.0
50.0
50.0
50.0
50.0
50.0
50.0
50.0
50.0
50.0
50.0
50.0
50.0
50.0
50.0
50.0
50.0
50.0
50.0
50.0
50.0
50.0
50.0
50.0
50.0
50.0
50.0
50.0
50.0
50.0
50.0
50.0
50.0
50.0
50.0
50.0
50.0
50.0
50.0
50.0
50.0
50.0
50.0
50.0
50.0
50.0
50.0
50.0
50.0
50.0
50.0
50.0
50.0
50.0
50.0
50.0
50.0
50.0
50.0
50.0
50.0
50.0
50.0
50.0
50.0
50.0
50.0
50.0
50.0
50.0
50.0
50.0
50.0
50.0
50.0
50.0
50.0
50.0
50.0
50.0
50.0
50.0
50.0
50.0
100.0
100.0
100.0
100.0
100.0
100.0
100.0
100.0
100.0
100.0
100.0
100.0
100.0
100.0
100.0
100.0
100.0
100.0
100.0
100.0
100.0
100.0
100.0
100.0
100.0
100.0
100.0
100.0
100.0
100.0
100.0
100.0
100.0
100.0
100.0
100.0
100.0
100.0
100.0
100.0
100.0
100.0
100.0
100.0
100.0
100.0
100.0
100.0
100.0
100.0
100.0
100.0
100.0
100.0
100.0
100.0
100.0
100.0
100.0
100.0
100.0
100.0
100.0
100.0
100.0
100.0
100.0
100.0
100.0
100.0
100.0
100.0
100.0
100.0
100.0
100.0
100.0
100.0
100.0
100.0
100.0
100.0
100.0
100.0
100.0
100.0
100.0
100.0
100.0
100.0
100.0
100.0
100.0
100.0
100.0
100.0
100.0
100.0
100.0
100.0
100.0
100.0
100.0
100.0
100.0
100.0
100.0
100.0
100.0
100.0
100.0
100.0
100.0
100.0
100.0
100.0
100.0
100.0
100.0
100.0
100.0
100.0
100.0
100.0
100.0
100.0
100.0
100.0
100.0
100.0
100.0
100.0
100.0
100.0
100.0
100.0
100.0
100.0
100.0
100.0
100.0
100.0
100.0
100.0
100.0
100.0
100.0
100.0
100.0
100.0
100.0
100.0
100.0
100.0
100.0
100.0
100.0
100.0
100.0
100.0
100.0
100.0
100.0
100.0
100.0
100.0
100.0
100.0
100.0
100.0
100.0
100.0
100.0
100.0
100.0
100.0
100.0
100.0
100.0
100.0
100.0
100.0
100.0
100.0
100.0
100.0
100.0
100.0
100.0
100.0
100.0
100.0
100.0
100.0
100.0
100.0
100.0
100.0
100.0
100.0
100.0
100.0
100.0
100.0
100.0
100.0
100.0
100.0
100.0
100.0
100.0
100.0
100.0
100.0
100.0
100.0
100.0
100.0
100.0
100.0
100.0
100.0
100.0
100.0
100.0
100.0
100.0
100.0
100.0
100.0
100.0
100.0
100.0
100.0
100.0
100.0
100.0
100.0
100.0
100.0
100.0
100.0
100.0
100.0
100.0
100.0
100.0
100.0
100.0
100.0
100.0
100.0
100.0
100.0
100.0
100.0
100.0
100.0
100.0
100.0
100.0
100.0
100.0
100.0
100.0
100.0
100.0
100.0
100.0
100.0
100.0
100.0
100.0
100.0
100.0
100.0
100.0
100.0
100.0
100.0
100.0
100.0
100.0
100.0
100.0
100.0
100.0
100.0
100.0
100.0
100.0
100.0
100.0
100.0
100.0
100.0
100.0
100.0
100.0
100.0
100.0
100.0
100.0
100.0
100.0
100.0
100.0
100.0
100.0
100.0
100.0
100.0
100.0
100.0
100.0
100.0
100.0
100.0
100.0
100.0
100.0
100.0
100.0
100.0
100.0
100.0
100.0
100.0
100.0
100.0
100.0
100.0
100.0
100.0
100.0
100.0
100.0
100.0
100.0
100.0
100.0
100.0
100.0
100.0
100.0
100.0
100.0
100.0
100.0
100.0
100.0
100.0
100.0
100.0
100.0
100.0
100.0
100.0
100.0
100.0
100.0
100.0
100.0
100.0
100.0
100.0
100.0
100.0
100.0
100.0
100.0
100.0
100.0
100.0
100.0
100.0
100.0
100.0
100.0
100.0
100.0
100.0
100.0
100.0
100.0
100.0
100.0
100.0
100.0
100.0
100.0
100.0
100.0
100.0
100.0
100.0
100.0
100.0
100.0
100.0
50.0
50.0
50.0
50.0
50.0
50.0
50.0
50.0
50.0
50.0
50.0
50.0
50.0
50.0
50.0
50.0
50.0
50.0
50.0
50.0
50.0
50.0
50.0
50.0
50.0
50.0
50.0
50.0
50.0
50.0
50.0
50.0
50.0
50.0
50.0
50.0
50.0
50.0
50.0
50.0
50.0
50.0
50.0
50.0
50.0
50.0
50.0
50.0
50.0
50.0
50.0
50.0
50.0
50.0
50.0
50.0
50.0
50.0
50.0
50.0
50.0
50.0
50.0
50.0
50.0
50.0
50.0
50.0
50.0
50.0
50.0
50.0
50.0
50.0
50.0
50.0
50.0
50.0
50.0
50.0
50.0
50.0
50.0
50.0
50.0
50.0
50.0
50.0
50.0
50.0
50.0
50.0
50.0
50.0
50.0
50.0
50.0
50.0
50.0
50.0
50.0
50.0
50.0
50.0
50.0
50.0
50.0
50.0
50.0
50.0
50.0
50.0
50.0
50.0
50.0
50.0
50.0
50.0
50.0
50.0
50.0
50.0
50.0
50.0
50.0
50.0
50.0
50.0
50.0
50.0
50.0
50.0
50.0
50.0
50.0
50.0
50.0
50.0
50.0
50.0
50.0
50.0
50.0
50.0
50.0
50.0
50.0
50.0
50.0
50.0
50.0
50.0
50.0
50.0
50.0
50.0
50.0
50.0
50.0
50.0
50.0
50.0
50.0
50.0
50.0
50.0
50.0
50.0
50.0
50.0
50.0
50.0
50.0
50.0
50.0
50.0
50.0
50.0
50.0
50.0
50.0
50.0
50.0
50.0
50.0
50.0
50.0
50.0
50.0
50.0
50.0
50.0
50.0
50.0
50.0
50.0
50.0
50.0
50.0
50.0
50.0
50.0
50.0
50.0
50.0
50.0
50.0
50.0
50.0
50.0
50.0
50.0
50.0
50.0
50.0
50.0
50.0
50.0
50.0
50.0
50.0
50.0
50.0
50.0
50.0
50.0
50.0
50.0
50.0
50.0
50.0
50.0
50.0
50.0
50.0
50.0
50.0
50.0
50.0
50.0
50.0
50.0
50.0
50.0
50.0
50.0
50.0
50.0
50.0
50.0
50.0
50.0
50.0
50.0
50.0
50.0
50.0
50.0
50.0
50.0
50.0
50.0
50.0
50.0
50.0
50.0
50.0
50.0
50.0
50.0
50.0
50.0
50.0
50.0
50.0
50.0
50.0
50.0
50.0
50.0
50.0
50.0
50.0
50.0
50.0
50.0
50.0
50.0
50.0
50.0
50.0
50.0
50.0
50.0
50.0
50.0
50.0
50.0
50.0
50.0
50.0
50.0
50.0
50.0
50.0
50.0
50.0
50.0
50.0
50.0
50.0
50.0
50.0
50.0
50.0
50.0
50.0
50.0
50.0
50.0
50.0
50.0
50.0
50.0
50.0
50.0
50.0
50.0
50.0
50.0
50.0
50.0
50.0
50.0
50.0
50.0
50.0
50.0
50.0
50.0
50.0
50.0
50.0
50.0
50.0
50.0
50.0
50.0
50.0
50.0
50.0
50.0
50.0
50.0
50.0
50.0
50.0
50.0
50.0
50.0
50.0
50.0
50.0
50.0
50.0
50.0
50.0
50.0
50.0
50.0
50.0
50.0
50.0
50.0
50.0
50.0
50.0
50.0
50.0
50.0
50.0
50.0
50.0
50.0
50.0
50.0
50.0
50.0
50.0
50.0
50.0
50.0
50.0
50.0
50.0
50.0
50.0
50.0
50.0
50.0
100.0
100.0
100.0
100.0
100.0
100.0
100.0
100.0
100.0
100.0
100.0
100.0
100.0
100.0
100.0
100.0
100.0
100.0
100.0
100.0
100.0
100.0
100.0
100.0
100.0
100.0
100.0
100.0
100.0
100.0
100.0
100.0
100.0
100.0
100.0
100.0
100.0
100.0
100.0
100.0
100.0
100.0
100.0
100.0
100.0
100.0
100.0
100.0
100.0
100.0
100.0
100.0
100.0
100.0
100.0
100.0
100.0
100.0
100.0
100.0
100.0
100.0
100.0
100.0
100.0
100.0
100.0
100.0
100.0
100.0
100.0
100.0
100.0
100.0
100.0
100.0
100.0
100.0
100.0
100.0
100.0
100.0
100.0
100.0
100.0
100.0
100.0
100.0
100.0
100.0
100.0
100.0
100.0
100.0
100.0
100.0
100.0
100.0
100.0
100.0
100.0
100.0
100.0
100.0
100.0
100.0
100.0
100.0
100.0
100.0
100.0
100.0
100.0
100.0
100.0
100.0
100.0
100.0
100.0
100.0
100.0
100.0
100.0
100.0
100.0
100.0
100.0
100.0
100.0
100.0
100.0
100.0
100.0
100.0
100.0
100.0
100.0
100.0
100.0
100.0
100.0
100.0
100.0
100.0
100.0
100.0
100.0
100.0
100.0
100.0
100.0
100.0
100.0
100.0
100.0
100.0
100.0
100.0
100.0
100.0
100.0
100.0
100.0
100.0
100.0
100.0
100.0
100.0
100.0
100.0
100.0
100.0
100.0
100.0
100.0
100.0
100.0
100.0
100.0
100.0
100.0
100.0
100.0
100.0
100.0
100.0
100.0
100.0
100.0
100.0
100.0
100.0
100.0
100.0
100.0
100.0
100.0
100.0
100.0
100.0
100.0
100.0
100.0
100.0
100.0
100.0
100.0
100.0
100.0
100.0
100.0
100.0
100.0
100.0
100.0
100.0
100.0
100.0
100.0
100.0
100.0
100.0
100.0
100.0
100.0
100.0
100.0
100.0
100.0
100.0
100.0
100.0
100.0
100.0
100.0
100.0
100.0
100.0
100.0
100.0
100.0
100.0
100.0
100.0
100.0
100.0
100.0
100.0
100.0
100.0
100.0
100.0
100.0
100.0
100.0
100.0
100.0
100.0
100.0
100.0
100.0
100.0
100.0
100.0
100.0
100.0
100.0
100.0
100.0
100.0
100.0
100.0
100.0
100.0
100.0
100.0
100.0
100.0
100.0
100.0
100.0
100.0
100.0
100.0
100.0
100.0
100.0
100.0
100.0
100.0
100.0
100.0
100.0
100.0
100.0
100.0
100.0
100.0
100.0
100.0
100.0
100.0
100.0
100.0
100.0
100.0
100.0
100.0
100.0
100.0
100.0
100.0
100.0
100.0
100.0
100.0
100.0
100.0
100.0
100.0
100.0
100.0
100.0
100.0
100.0
100.0
100.0
100.0
100.0
100.0
100.0
100.0
100.0
100.0
100.0
100.0
100.0
100.0
100.0
100.0
100.0
100.0
100.0
100.0
100.0
100.0
100.0
100.0
100.0
100.0
100.0
100.0
100.0
100.0
100.0
100.0
100.0
100.0
100.0
100.0
100.0
100.0
100.0
100.0
100.0
100.0
100.0
100.0
100.0
100.0
100.0
100.0
100.0
100.0
100.0
100.0
100.0
100.0
100.0
100.0
100.0
100.0
100.0
100.0
100.0
100.0
100.0
100.0
100.0
100.0
100.0
100.0
100.0
100.0
100.0
100.0
100.0
100.0
100.0
100.0
50.0
50.0
50.0
50.0
50.0
50.0
50.0
50.0
50.0
50.0
50.0
0.0
0.0
0.0
0.0
0.0
0.0
0.0
0.0
0.0
0.0
0.0
0.0
0.0
0.0
0.0
0.0
0.0
0.0
0.0
0.0
0.0
0.0
0.0
0.0
0.0
0.0
0.0
0.0
0.0
0.0
0.0
0.0
0.2344887
3.125561
6.070081
8.373411
10.81972
14.33106
17.49252
19.59807
21.65129
24.39648
26.52427
28.07143
29.76783
32.01845
33.85647
34.80643
35.87831
37.41949
38.51913
38.47129
38.51003
39.15552
39.32899
38.55496
37.95862
37.83295
37.09587
35.55684
34.40353
33.9353
32.50028
30.35926
28.8184
27.78011
25.93345
24.00503
22.80006
21.59027
19.51126
17.63384
16.71356
15.50999
13.55404
12.15026
11.5452
10.55124
9.387589
9.259636
9.447115
8.920827
8.351346
8.543883
9.173564
8.926198
8.352355
8.767826
9.73888
10.18508
10.26327
11.05707
12.35529
13.13348
13.4332
14.3349
15.73941
16.39175
16.32712
16.90761
18.38143
19.90828
20.68141
21.25454
22.88905
24.46136
25.27669
25.71597
26.74759
28.32996
29.15221
29.01887
29.11284
30.0744
30.77516
30.74607
30.54249
31.13924
31.63682
31.3981
30.6327
30.47871
30.89617
30.51808
29.32199
28.66843
28.68869
28.24953
26.99237
26.16249
26.00323
25.49658
24.28719
23.45064
23.40157
23.00997
21.63228
20.45135
20.16514
19.93494
18.95559
18.12823
18.20683
18.23746
17.64222
16.74919
16.76053
17.18328
16.81854
16.10482
16.30029
16.91199
17.20204
16.81503
17.17236
18.17964
18.64438
18.4353
18.45512
19.4018
20.37899
20.34943
20.20624
20.98346
21.95767
22.38455
22.42087
23.15035
24.30407
24.85609
24.61576
24.71315
25.61893
26.2607
25.88124
25.54656
26.12265
26.65557
26.6251
26.18801
26.48561
27.07777
27.0505
26.27087
25.98577
26.49782
26.44644
25.58509
24.98615
25.11868
25.19679
24.58499
23.95554
24.11516
24.33723
23.81658
22.82045
22.6614
22.96018
22.40417
21.3727
21.1783
21.4417
21.42661
20.66398
20.40071
20.99702
21.15161
20.50583
20.01689
20.49632
20.81898
20.28846
19.74508
20.1685
20.72166
20.77385
20.25297
20.75651
21.44903
21.52854
21.0926
21.16407
22.16078
22.72539
22.21117
21.85537
22.46959
23.1591
23.11876
22.84628
23.43018
24.26067
24.30687
23.71917
23.86296
24.58622
24.7525
24.11522
23.74678
24.2315
24.49859
24.13818
23.76654
24.24803
24.62716
24.38201
23.61018
23.7379
24.32983
24.01581
23.17351
23.05624
23.56966
23.63655
23.0135
22.83379
23.45604
23.69257
23.07113
22.48965
22.7565
23.089
22.50911
21.62503
21.63886
22.11534
22.02998
21.36675
21.55027
22.31648
22.41364
21.70726
21.44261
22.15118
22.41964
21.88935
21.40222
21.82427
22.25918
22.07305
21.65157
22.02564
22.58383
22.58182
22.00356
22.15836
23.00951
23.19323
22.51738
22.22563
22.79025
23.14042
22.86637
22.52664
23.09928
23.57276
23.36755
22.81018
23.10113
23.86112
23.7776
22.99937
22.83252
23.35237
23.59854
23.04438
22.87753
23.51262
23.87725
23.44479
22.82656
23.11269
23.63736
23.31209
22.57378
22.73662
23.25004
23.31692
22.69387
22.74466
23.54622
23.73638
23.12458
22.668
23.12057
23.47075
22.90856
22.27265
22.48349
22.98887
22.70194
22.17648
22.38568
23.06234
23.00914
22.32044
22.30397
23.09428
23.33081
22.59413
22.12467
22.50676
22.90012
22.44031
21.96764
22.40415
22.91114
22.68346
22.10357
22.31441
23.05029
23.00031
22.25717
22.12708
22.62764
22.85452
22.39632
22.2134
22.77481
23.12178
22.78687
22.2118
22.77322
23.46595
23.1983
22.34636
22.44997
23.0178
23.08305
22.34315
22.3315
22.89611
23.07342
22.56402
22.27069
22.94895
23.53123
23.14995
22.41164
22.68974
23.20638
23.10357
22.47894
22.701
23.44813
23.52466
22.91125
22.62593
23.31222
100.0
100.0
100.0
100.0
100.0
100.0
100.0
100.0
100.0
100.0
100.0
100.0
100.0
100.0
100.0
100.0
100.0
100.0
100.0
100.0
100.0
100.0
100.0
100.0
100.0
100.0
100.0
100.0
100.0
100.0
100.0
100.0
100.0
100.0
100.0
100.0
100.0
100.0
100.0
100.0
100.0
99.24344
97.99962
96.38382
94.73546
93.17295
91.06885
89.10345
86.99662
85.03653
82.88544
80.65697
78.12222
75.39165
72.98232
70.33076
67.95245
65.28232
62.60369
59.86216
57.23223
54.83556
52.73948
50.60938
48.38932
46.30975
44.31952
42.71154
41.26816
40.28402
39.31245
38.52802
37.53378
36.90108
36.46842
36.47264
36.63849
37.08604
37.47758
37.8115
38.43196
39.23169
40.44606
41.68298
43.05758
44.05455
45.29647
46.67456
48.36486
49.97205
51.14717
52.51122
54.01144
55.70863
56.85846
58.19406
59.25918
60.39156
61.41996
62.16825
62.97416
63.49355
64.17939
64.69078
65.25332
65.2348
65.08009
65.01658
65.1627
65.17905
64.88961
64.34397
63.478
62.74481
61.97622
61.28751
60.50909
59.86979
58.91341
57.92007
56.88977
56.05303
55.12809
54.22868
53.18351
52.16215
51.45446
50.78189
50.14605
49.43326
48.58438
47.94188
47.39695
47.06811
46.90405
46.6792
46.50711
46.27423
46.26701
46.08853
46.13731
46.07407
46.24135
46.47269
46.712
47.07469
47.6791
48.12827
48.5327
48.94837
49.26004
49.75266
50.37333
51.35587
51.96069
52.46479
52.80719
53.04083
53.50815
54.15797
54.76469
55.26897
55.72523
55.7862
55.84395
56.12896
56.47486
56.82553
57.35392
57.1428
57.03569
56.97816
56.97187
56.90308
56.82792
56.57338
56.36525
56.2051
56.09459
55.91998
55.44919
55.19286
55.04216
54.885
54.49093
54.31448
53.95875
53.5341
52.98141
52.41259
52.05823
51.92475
51.73039
51.58887
51.50177
51.12486
50.91127
50.75046
50.64403
50.19026
50.07101
50.06539
50.06138
50.17425
50.46481
50.47686
50.60581
50.4514
50.35143
50.48038
50.90224
51.22172
51.49323
51.54225
51.47764
51.64189
51.92624
52.21865
52.34617
52.53458
52.61251
52.86497
53.00857
53.3859
53.42712
53.58361
53.51277
53.49636
53.70888
53.86854
53.97381
53.96543
53.95547
53.82859
53.75457
53.79257
54.11872
54.16476
54.15318
54.0247
53.77617
53.46199
53.48391
53.50584
53.64302
53.61054
53.46122
53.36466
53.32254
53.2212
52.88612
52.71426
52.48
52.35451
52.514
52.79353
52.50483
52.32333
52.07943
51.88667
51.63153
51.8309
51.92152
52.0153
52.05467
51.98042
51.84694
51.82549
51.86164
51.89941
52.16932
52.15911
52.32175
52.43165
52.54472
52.31523
52.25223
52.36047
52.41435
52.41218
52.8134
53.05294
53.06844
53.02633
52.86737
52.87645
52.88552
53.00983
53.07974
53.15125
53.10914
53.06543
53.19295
53.20845
53.0511
53.17702
53.13329
53.20321
53.39
53.40873
53.31215
53.09718
52.99098
52.65108
52.41682
52.40661
52.62688
52.68077
52.90907
52.68284
52.50778
52.44316
52.49217
52.36994
52.41735
52.46637
52.40176
52.39315
52.38456
52.43357
52.25373
52.18425
52.1132
52.21346
52.3745
52.59803
52.42456
52.24632
52.17849
52.05139
51.92113
52.13341
52.29445
52.57559
52.69187
52.46565
52.3482
52.3428
52.45271
52.39286
52.38908
52.44297
52.55604
52.49946
52.72937
52.67761
52.68187
52.51326
52.57031
52.74422
53.03822
53.10973
53.06762
52.96627
52.74643
52.57783
52.57727
52.92246
53.04677
53.23196
53.07618
53.03084
52.86863
52.81686
52.59065
52.64609
52.70315
52.58895
52.47149
52.58139
52.57922
52.46177
52.34113
52.27491
52.20709
52.2529
52.53083
52.52866
52.52648
52.40903
52.28841
52.22218
52.38483
52.43705
52.49094
52.48877
52.54422
52.48604
52.4262
52.48008
52.36262
52.41485
52.35345
52.40569
52.45958
52.9184
52.92908
52.88214
52.60308
52.5465
0.0
0.0
0.0
0.0
0.0
0.0
0.0
0.0
0.0
0.0
0.0
0.0
0.0
0.0
0.0
0.0
0.0
0.0
0.0
0.0
0.0
0.0
0.0
0.0
0.0
0.0
0.0
0.0
0.0
0.0
0.0
0.0
0.0
0.0
0.0
0.0
0.0
0.0
0.0
0.0
0.0
0.0
0.0
2.578622
4.966423
7.559685
10.82102
13.9005
16.32749
19.05914
22.21553
24.5945
26.22799
28.1868
30.65025
32.76516
34.00005
35.36489
37.37991
38.67815
38.89137
39.08229
39.88324
40.27297
39.77767
39.3512
39.5139
39.01399
37.60168
36.4038
35.88782
34.57472
32.44196
30.90774
29.81687
27.97204
25.81336
24.19719
22.96674
20.92306
19.02337
18.0216
16.73327
14.68941
13.02158
12.31737
11.39389
9.956582
9.374026
9.785576
9.316912
8.518535
8.533373
9.038152
8.720307
8.132009
8.360128
9.196651
9.562736
9.501549
10.1528
11.4781
12.34261
12.50137
13.37415
15.03785
16.0727
16.17131
16.40122
17.63008
18.90554
19.65132
20.31239
21.92281
23.52863
24.3791
24.68223
25.6321
27.07353
27.92446
27.82142
28.1202
29.12012
29.97609
29.99176
29.83455
30.47927
31.1417
31.01502
30.30727
30.2125
30.74842
30.37678
29.18711
28.65522
28.6275
28.25403
27.12175
26.36233
26.21754
25.72536
24.47278
23.47621
23.43519
23.28213
21.91891
20.75244
20.53831
20.3818
19.5354
18.61368
18.5947
18.63979
18.05901
17.12283
17.147
17.69786
17.40684
16.53792
16.57336
17.07784
17.19982
16.69755
16.93641
17.87964
18.22111
18.17366
18.41755
19.36423
20.05328
20.01571
19.86446
20.74891
21.71829
22.14035
22.05662
22.60516
23.68841
24.34119
24.03199
24.05892
24.95023
25.63516
25.24284
24.89531
25.40092
26.03463
25.9929
25.54456
25.88855
26.52869
26.60864
25.88184
25.59353
26.04471
26.27666
25.36088
24.6483
24.77921
24.85573
24.35759
23.6721
23.83172
23.99617
23.47392
22.5338
22.43239
22.84802
22.58496
21.62397
21.32877
21.66107
21.65883
20.90906
20.65864
21.15255
21.3744
20.79751
20.32142
20.64084
21.20202
20.74358
20.10104
20.30682
20.86638
20.925
20.41055
20.69002
21.4978
21.86864
21.32871
21.23533
22.06237
22.683
22.16878
21.87062
22.54407
23.12153
23.08119
22.7511
23.10289
23.8677
23.96188
23.36617
23.38666
24.09867
24.25371
23.60516
23.2831
23.75819
24.24613
23.8825
23.45003
23.9267
24.41625
24.16949
23.39608
23.52216
24.22775
24.08821
23.30998
22.97026
23.37002
23.49292
22.81225
22.45805
22.90097
23.1839
22.66808
22.08017
22.39821
22.95639
22.60862
21.7902
21.81369
22.29979
22.28172
21.62974
21.70925
22.48347
22.64631
22.06483
21.64016
22.2415
22.5724
22.10618
21.51182
21.88108
22.31918
22.1939
21.77724
22.0985
22.83279
22.95406
22.32943
22.32099
23.00408
23.24543
22.57119
22.33868
22.96413
23.37677
23.10912
22.7182
23.12278
23.7115
23.56715
22.95697
23.02062
23.66216
23.68747
22.906
22.67832
23.25097
23.49392
23.05181
22.7697
23.45921
23.87987
23.56264
22.83238
23.11851
23.7008
23.37714
22.46758
22.45432
22.95971
23.01854
22.4451
22.3742
23.05085
23.17053
22.60191
22.19008
22.63141
23.14322
22.63222
21.9915
22.25513
22.69968
22.63843
22.11457
22.32541
23.00367
23.12494
22.44267
22.14451
22.70269
23.10406
22.42178
22.06598
22.39206
22.84304
22.55771
22.14911
22.53602
23.1647
23.11954
22.43887
22.48805
23.28801
23.3613
22.57179
22.33608
22.90068
23.19325
22.68707
22.39692
22.96316
23.43019
23.16095
22.42264
22.816
23.50873
23.41396
22.62446
22.56162
23.13105
23.25556
22.69175
22.57288
23.19995
23.4413
22.93994
22.48173
23.10559
23.68949
23.30981
22.57314
22.67994
23.13574
23.08575
22.34262
22.44302
23.12289
23.18814
22.50587
22.26533
22.94038
23.28895
100.0
100.0
100.0
100.0
100.0
100.0
100.0
100.0
100.0
100.0
100.0
100.0
100.0
100.0
100.0
100.0
100.0
100.0
100.0
100.0
100.0
100.0
100.0
100.0
100.0
100.0
100.0
100.0
100.0
100.0
100.0
100.0
100.0
100.0
100.0
100.0
100.0
100.0
100.0
100.0
100.0
99.0457
97.79541
96.17319
94.63363
92.66453
90.66125
88.79984
86.85788
84.89456
82.56736
80.27324
77.72885
75.21917
72.74896
70.55362
67.95281
65.1114
62.54484
60.03382
57.58322
55.14014
53.16893
50.87883
48.72443
46.76973
44.84998
43.25646
42.05811
40.86428
39.79195
38.90353
38.1478
37.58723
37.22826
37.30779
37.37768
37.89892
38.25051
38.77335
39.47232
40.58271
41.5395
42.68363
43.61652
44.61992
45.92589
47.42725
49.1288
50.40149
51.69345
52.83184
54.15756
55.56018
56.81083
57.96226
59.01133
60.1853
60.9111
61.75214
62.3659
63.26455
63.99517
64.61055
64.81928
64.66785
64.6075
64.5263
64.65474
64.30767
64.04852
63.47717
62.81601
62.06353
61.5638
60.92146
60.19102
59.48606
58.57765
57.57628
56.59557
55.75239
54.99393
54.32344
53.51355
52.79158
51.98795
51.50431
50.77411
50.1943
49.36626
48.68703
48.33428
48.26003
48.06889
47.81533
47.49771
47.28728
47.18731
47.14336
47.15702
47.28757
47.53819
47.5087
47.82497
48.15087
48.7169
48.89566
49.19449
49.44368
49.92987
50.42887
51.05601
51.52632
51.83501
52.20776
52.53088
53.03333
53.48939
54.12801
54.55058
55.03879
55.24851
55.28698
55.43747
55.93372
56.26671
56.54694
56.65745
56.42064
56.34547
56.26383
56.40628
56.4335
56.57275
56.48148
56.32615
56.04755
55.93056
55.6919
55.55883
55.07364
54.57232
54.40068
54.2803
54.09741
53.56235
53.18412
52.6794
52.33307
52.14997
51.90446
51.7101
51.85673
51.48951
51.28551
50.96144
50.80225
50.6398
50.58942
50.53903
50.66156
50.84651
51.09552
51.12204
50.97727
50.94455
50.73899
50.75909
51.12654
51.56292
51.8392
52.23885
52.13102
51.96243
52.13471
52.60001
52.8476
53.27452
53.3093
53.34409
53.43655
53.47294
53.50933
53.60335
53.81421
53.85703
54.07276
54.29325
54.51862
54.46067
54.45708
54.33668
54.21143
54.13901
54.35152
54.45358
54.38433
54.42715
53.77845
53.51384
53.35649
53.42479
53.26423
53.21403
53.04704
52.99046
52.8746
52.87082
52.63658
52.45346
52.38081
52.36417
52.40516
52.56303
52.61044
52.48661
52.24427
51.93789
51.79638
51.76687
51.85262
51.94158
52.14904
52.07479
51.9413
51.91985
52.07125
52.16985
52.27171
52.20389
52.19208
52.29549
52.2869
52.27829
52.15446
52.14265
52.07317
52.23264
52.45456
52.85576
52.86485
52.93155
52.76932
52.71757
52.72181
53.01422
53.14174
53.33015
53.29285
53.13866
53.09494
53.04961
53.0603
53.12859
53.31379
53.27324
53.34641
53.30585
53.37902
53.16562
53.06105
53.06852
53.19123
53.25953
53.32944
53.34334
53.242
53.13745
52.85677
52.74092
52.73714
53.0215
53.14104
53.20613
53.09992
53.04816
52.76427
52.76049
52.6991
52.75133
52.5747
52.50847
52.6135
52.66413
52.65874
52.42288
52.3534
52.28235
52.26733
52.36758
52.64386
52.69774
52.92604
52.69983
52.52475
52.46014
52.50916
52.6174
52.95938
53.13814
53.14883
53.10189
53.16859
53.23689
53.13395
53.14302
53.0368
52.98505
53.1622
53.51705
53.53576
53.43919
53.22423
53.11802
53.06626
53.12813
53.07638
53.19591
53.14572
52.9211
52.86292
52.80308
52.7993
52.68028
52.61567
52.49183
52.65287
52.7035
52.75573
52.6367
52.68733
52.50909
52.38359
52.48546
52.76339
52.9917
52.88071
52.82414
52.76595
52.59088
52.52626
52.69051
52.80202
53.14722
53.09867
53.16376
53.05755
53.06341
52.89642
52.89746
52.8985
52.84192
53.01422
53.19137
53.25807
53.15351
52.93045
52.87389
52.81569
0.0
0.0
0.0
0.0
0.0
0.0
0.0
0.0
0.0
0.0
0.0
0.0
0.0
0.0
0.0
0.0
0.0
0.0
0.0
0.0
0.0
0.0
0.0
0.0
0.0
0.0
0.0
0.0
0.0
0.0
0.0
0.0
0.0
0.0
0.0
0.0
0.0
0.0
0.0
0.0
0.0
0.0
0.0
3.659089
5.92338
9.198287
12.29778
14.46304
17.10424
20.28864
22.70209
24.03069
26.02718
26.40251
30.29492
31.289
32.8148
34.88516
36.18756
36.58259
37.25316
38.26328
38.81419
38.3152
38.2917
38.6989
38.28026
37.12695
36.08244
35.66863
34.28965
32.49437
31.19366
30.34433
28.63381
26.78714
25.78076
24.48625
22.37692
20.58283
19.63226
18.22388
16.11433
14.72501
14.07681
12.80756
11.30297
10.76682
10.93823
10.39585
9.695062
9.983566
9.675142
9.674132
9.124166
9.392229
9.924562
9.978404
10.05798
10.97003
11.87267
12.07274
12.24092
13.18235
14.62978
15.50119
15.60596
16.13182
17.09001
17.68496
18.0207
18.95362
20.73027
22.2206
22.78111
23.3065
24.65954
25.36444
26.55448
26.57129
27.39812
28.53878
29.30981
29.29655
29.51379
30.54425
31.02736
30.65892
30.22163
30.52059
30.88524
30.74088
29.38155
29.25145
29.40626
28.81672
27.80774
27.40533
27.39668
26.75573
25.52246
24.83329
24.99247
24.41053
23.00898
22.09068
21.9583
21.53936
20.48012
19.91541
20.03257
19.81362
18.90316
18.14628
18.29696
18.40127
17.70847
17.11805
17.49762
17.8949
17.73356
17.4586
17.93117
18.65355
18.76771
18.37129
18.7752
19.94434
20.40131
20.00992
20.12914
20.94633
21.73158
21.67654
21.73674
22.72223
23.62134
23.73942
23.39969
24.08759
25.19816
25.53251
25.12573
25.16711
25.78477
26.18799
25.79406
25.67542
26.35874
26.77159
26.44493
25.76127
26.03637
26.66368
26.26975
25.28671
25.13914
25.44776
25.41866
24.6388
24.29746
24.81088
24.7625
23.90574
23.19776
23.45014
23.5953
22.76563
21.85583
21.90157
22.18105
21.72103
21.30737
21.22984
21.7862
21.49582
20.73802
20.47957
21.19596
21.30094
20.66161
20.29433
20.66817
20.99723
20.70366
20.5189
21.19533
21.7774
21.74326
21.19047
21.48762
22.25543
22.23897
21.64624
21.8442
22.50961
22.9638
22.85457
22.56924
23.42842
24.02359
23.7704
23.50918
23.87383
24.65151
24.58567
23.82509
23.90644
24.50801
24.72227
24.13457
24.10548
24.70868
24.86691
24.39448
24.08046
24.79408
25.18122
24.59834
23.70967
23.83257
24.2468
24.2689
23.25372
23.30451
23.87557
23.77116
23.43303
22.73951
23.23686
23.34529
22.65016
22.10862
22.53226
22.85352
22.37766
21.77366
22.13327
22.73461
22.54687
21.83566
21.91196
22.56773
22.55125
21.84327
21.69225
22.22957
22.49479
22.13417
21.93678
22.65662
23.22445
23.23208
22.43294
22.82148
23.567
23.29614
22.55624
22.71747
23.2869
23.46903
23.07971
23.14014
23.83609
24.20555
23.7779
23.39499
23.80763
24.34677
23.9207
23.25128
23.4846
23.72436
23.97053
23.41637
23.53763
24.2384
24.4398
23.60875
23.32988
23.79208
24.03667
23.36564
22.73295
23.11986
23.51804
23.17831
22.71367
23.04296
23.6124
23.44876
22.70405
22.68758
23.36263
23.30782
22.44463
22.07598
22.27393
22.76646
22.29379
21.92353
22.52328
22.85257
22.73049
22.02893
22.28774
22.95797
22.78309
22.14235
22.1755
22.78647
23.0694
22.55357
22.48431
23.27781
23.63281
23.24832
22.79493
23.30835
23.83623
23.45656
22.66223
22.65219
23.50655
23.52061
22.9008
23.12768
23.59152
24.18345
23.63893
23.30885
23.71825
24.02367
23.53034
23.02256
23.42232
23.9486
23.97069
23.47416
23.48179
24.06569
24.08939
23.19107
23.01619
23.47038
23.99505
23.15115
22.80178
22.84614
23.41075
23.35755
22.49597
22.58994
23.321
23.26619
22.80638
22.44898
22.94633
23.22764
22.42207
100.0
100.0
100.0
100.0
100.0
100.0
100.0
100.0
100.0
100.0
100.0
100.0
100.0
100.0
100.0
100.0
100.0
100.0
100.0
100.0
100.0
100.0
100.0
100.0
100.0
100.0
100.0
100.0
100.0
100.0
100.0
100.0
100.0
100.0
100.0
100.0
100.0
100.0
100.0
100.0
100.0
100.0
99.76992
98.13508
96.81176
94.89091
93.1087
91.18508
89.23528
87.08967
84.86189
82.61112
80.11017
77.98963
75.51483
73.02511
70.35086
67.77853
64.96881
62.14901
59.26468
56.49035
54.00531
51.70556
49.48389
46.99934
44.82334
42.96717
41.55735
39.91676
38.38641
36.9711
36.0214
35.49411
35.22925
35.06194
35.11076
35.15149
35.06894
35.43614
36.09309
36.99015
37.84573
38.8886
40.1813
41.15389
42.54597
44.25354
45.82353
47.30883
48.99435
50.53905
52.28403
53.65773
55.34045
56.82157
58.44048
59.6241
60.64763
61.90976
62.89822
64.00834
64.60944
65.32101
65.80044
66.15661
66.55914
66.89441
66.98792
66.66036
66.24626
65.62873
65.14874
64.75346
64.4461
63.48077
62.64654
61.66009
60.46057
59.50419
58.6261
57.48377
56.53179
55.37312
54.17593
53.22831
52.30778
51.35832
50.55278
49.83843
48.98795
48.28623
47.73808
47.29074
46.71687
46.30145
45.76115
45.32322
45.10617
45.23163
45.30594
45.50031
45.47219
45.56092
45.94265
46.33719
46.68698
46.87515
47.30023
47.62292
48.30102
48.99841
49.94558
50.39983
51.03821
51.57739
52.12946
52.80958
53.67873
54.28057
54.78004
55.17391
55.45892
55.80481
56.2131
56.97361
57.23154
57.37583
57.40325
57.48349
57.44524
57.68875
57.8762
57.89075
57.72762
57.49723
57.25559
57.11794
56.97226
56.58802
56.41988
56.01315
55.64962
55.21555
54.88232
54.42259
53.94835
53.40204
52.78204
52.37488
52.187
51.99424
51.62382
51.35898
50.91486
50.57473
50.34184
50.16177
50.03604
49.85114
49.72063
49.76139
49.6325
49.79013
49.72368
49.71484
49.59238
49.64116
49.92369
50.15823
50.34319
50.53453
50.78996
50.82291
50.91513
51.12576
51.74623
52.03863
52.39668
52.41861
52.55579
52.75383
53.12956
53.39968
53.84911
54.07924
54.19902
54.37797
54.4449
54.56944
54.63798
54.76413
54.77665
54.96042
55.08983
55.22081
54.8924
54.72559
54.60997
54.48959
54.47961
54.64088
54.57489
54.50564
54.26033
53.7765
53.45107
53.11599
52.94412
52.82511
52.87573
52.69749
52.62966
52.44495
52.3707
52.12193
52.03963
51.72521
51.51805
51.42124
51.61103
51.57671
51.31188
51.1559
50.93909
50.83264
50.89755
51.13852
51.21462
51.29394
51.31891
51.51828
51.4936
51.64185
51.67961
51.71898
51.75997
51.97546
52.19738
52.25282
52.30988
52.42616
52.60332
52.4971
52.67587
52.97469
53.3968
53.48438
53.68885
53.55235
53.46868
53.43942
53.58141
53.669
53.93109
53.9691
53.89181
53.75374
53.72609
53.8697
53.78603
53.75677
53.72585
53.86629
53.72174
53.68766
53.47908
53.32171
53.10188
52.81799
52.69897
52.86488
53.1508
53.27195
53.10812
52.65138
52.35464
52.16515
52.20131
52.18147
52.21923
52.20099
52.29798
52.11009
51.97496
51.83666
51.868
51.78571
51.6442
51.78756
52.05103
52.2073
52.0802
51.94993
51.75879
51.50525
51.591
51.79524
51.94824
52.39426
52.39209
52.33225
52.21323
52.32147
52.37536
52.4308
52.48786
52.60413
52.72367
52.904
53.0892
53.1063
53.23865
53.20136
53.22007
53.29641
53.72012
53.75169
53.78326
53.58431
53.55184
53.63299
53.83104
53.80339
53.88937
53.74643
53.48348
53.55822
53.46165
53.41954
53.37581
53.38811
53.40039
53.52792
53.48581
53.55732
53.28473
53.17691
52.89303
52.7164
52.76541
53.04656
53.16283
52.99423
52.76315
52.52563
52.33935
52.26348
52.35887
52.34224
52.38322
52.36819
52.41078
52.33974
52.38233
52.25367
52.17942
52.16117
52.08531
52.12309
0.0
0.0
0.0
0.0
0.0
0.0
0.0
0.0
0.0
0.0
0.0
0.0
0.0
0.0
0.0
0.0
0.0
0.0
0.0
0.0
0.0
0.0
0.0
0.0
0.0
0.0
0.0
0.0
0.0
0.0
0.0
0.0
0.0
0.0
0.0
0.0
0.0
0.0
0.0
0.0
0.0
0.0
0.0
2.179009
5.269104
8.414318
10.63171
13.21623
16.63527
19.64038
21.81204
23.92975
26.44971
28.45788
29.76373
31.55494
33.958
35.66195
36.29852
37.10338
38.42552
39.29809
39.18804
39.39182
39.97512
39.85265
38.88827
38.21044
38.05765
37.11901
35.31432
34.11786
33.20148
31.53593
29.56138
28.24942
26.98544
24.84904
22.7381
21.46105
20.00466
17.67267
15.82393
14.81871
13.52857
11.71497
10.57361
10.12377
9.462708
8.641625
8.462453
8.539521
7.899561
7.097993
7.224844
7.729623
7.469403
7.228475
8.10174
9.082446
9.423054
9.6229
10.94501
12.61306
13.36739
13.69924
14.80597
16.13218
16.81829
17.13314
18.27566
20.03785
21.57136
22.23426
22.92286
24.55922
26.18938
26.8897
26.97861
27.93675
29.26957
30.06471
30.07556
30.37453
31.43071
32.05478
31.7729
31.539
32.04622
32.62392
32.12118
31.08372
30.82249
30.72614
30.22317
29.12946
28.5815
28.53771
27.91766
26.35951
25.56635
25.38781
24.57373
22.99126
21.94488
21.73878
21.24455
20.05076
19.17543
19.1468
18.77885
17.7738
16.97836
17.20573
17.27469
16.37363
15.74304
15.96719
16.32108
15.94348
15.50505
16.15672
16.83407
16.90326
16.6347
17.17134
18.18987
18.66588
18.41041
18.72802
19.86523
20.74968
20.79704
21.13574
22.29247
23.36771
23.66668
23.51268
24.2759
25.4634
25.81861
25.3751
25.55103
26.30643
26.85061
26.54323
26.45512
27.22659
27.72923
27.55157
26.84724
26.92719
27.41054
27.2136
26.25949
25.96797
26.24306
26.17884
25.36224
24.98256
25.22552
25.12917
24.28044
23.58048
23.668
23.75876
22.93069
21.90725
21.77851
21.87868
21.46503
20.63836
20.65517
21.0786
20.82497
19.99026
19.8838
20.46886
20.55456
19.72307
19.3893
19.79827
20.16407
19.85122
19.7048
20.30593
20.92634
20.81689
20.30244
20.81244
21.68424
21.71738
21.17584
21.31136
22.14322
22.71105
22.37292
22.54379
23.41101
24.07183
23.8859
23.40544
24.00542
24.79433
24.73976
24.04805
24.08461
24.69746
24.86533
24.34492
24.26943
24.93989
25.16701
24.64981
24.17414
24.72133
25.1677
24.64565
23.81942
23.89113
24.19491
23.98812
23.19862
23.13578
23.58998
23.48075
22.67678
22.36898
22.91752
23.07875
22.32279
21.66117
21.96153
22.27154
21.84205
21.40129
21.75608
22.29498
22.10081
21.38318
21.45303
22.16
22.08109
21.25142
21.09076
21.56079
21.87241
21.3869
21.23429
21.82761
22.20809
21.9083
21.31236
21.91051
22.69919
22.47311
21.83721
21.9904
22.7247
22.96123
22.45505
22.62592
23.49314
23.86582
23.44135
23.06168
23.59278
24.25359
23.89479
23.23662
23.4812
24.02034
23.99765
23.28186
23.4672
24.17599
24.21255
23.5576
23.40199
23.99071
24.30738
23.47954
22.8581
23.19863
23.4912
23.15789
22.64207
22.86092
23.31672
23.15148
22.34751
22.27021
22.82518
22.70472
21.83189
21.56882
22.0485
22.25452
21.71781
21.51238
22.05128
22.43337
22.13521
21.54085
21.91011
22.63635
22.46146
21.7055
21.67778
22.1687
22.38595
21.86048
21.89681
22.62629
22.91562
22.46386
22.11449
22.61987
23.08208
22.75038
22.06329
22.39418
23.08048
23.15219
22.64922
22.88092
23.75296
23.95758
23.36024
23.09101
23.6205
23.93393
23.3334
22.88804
23.179
23.53561
23.44084
23.05474
23.40653
24.05608
23.91655
23.25355
23.08992
23.67062
23.74873
23.02169
22.6195
23.01286
23.30218
22.79279
22.38419
22.82874
23.34377
23.12409
22.32176
22.41892
23.03796
22.75263
21.99828
21.91454
100.0
100.0
100.0
100.0
100.0
100.0
100.0
100.0
100.0
100.0
100.0
100.0
100.0
100.0
100.0
100.0
100.0
100.0
100.0
100.0
100.0
100.0
100.0
100.0
100.0
100.0
100.0
100.0
100.0
100.0
100.0
100.0
100.0
100.0
100.0
100.0
100.0
100.0
100.0
100.0
100.0
99.64801
98.18332
96.80125
94.8744
92.96772
91.08611
89.34962
87.36285
85.06503
83.0852
80.6871
78.32365
75.76914
73.25257
70.60587
68.17471
65.62303
62.72036
59.9212
57.40495
55.12514
52.86097
50.78848
48.51241
46.54807
44.56106
42.89868
41.28404
40.0085
38.91045
38.05394
37.44701
36.98239
36.72259
36.55878
36.55177
36.64874
37.14105
37.69424
38.42511
38.99273
40.14143
41.25342
42.5576
43.82821
45.12136
46.5522
47.95119
49.89289
51.18165
52.60493
53.99313
55.57503
56.89455
58.23174
59.41371
60.43568
61.58092
62.44933
63.49379
64.08524
64.8448
65.31618
65.66432
66.00119
66.15392
66.17534
65.94695
65.80814
65.30107
64.87709
64.2513
63.70703
62.95932
62.17627
61.30025
60.44492
59.5542
58.68574
57.8412
56.79162
55.64746
54.63758
53.65162
52.74878
52.04751
51.38132
50.75191
49.81507
49.13906
48.44375
47.95969
47.3475
46.77689
46.30706
45.94121
45.74019
45.82415
45.85526
45.88962
45.92716
45.85267
46.06632
46.34563
46.80743
47.16852
47.88656
48.39497
48.74497
49.10463
49.76207
50.32195
51.01153
51.48827
51.91862
52.53149
53.15886
53.74303
54.16719
54.71464
55.10047
55.60798
55.89459
56.29972
56.53836
56.72099
56.84599
56.9694
57.26405
57.44668
57.45646
57.34613
57.11253
56.98291
56.9605
56.93332
56.95889
56.5779
56.2977
55.7181
55.29208
54.85163
54.56959
54.33553
54.15104
53.78727
53.29697
52.96511
52.6236
52.33007
51.85565
51.48361
51.21717
51.00197
50.9548
51.08049
50.80767
50.52837
50.1274
49.88965
49.87766
50.04007
50.26657
50.32821
50.39312
50.34595
50.29878
50.36684
50.55342
50.63113
50.94258
51.14842
51.30304
51.52013
51.97413
52.1529
52.33645
52.35195
52.59797
52.90804
53.28378
53.55391
53.65755
53.82044
53.75606
53.6308
53.90414
54.41439
54.64939
55.00447
54.96414
54.69014
54.46415
54.46056
54.51302
54.50786
54.55872
54.60958
54.66044
54.59605
54.52846
54.45761
54.2683
53.8421
53.69117
53.59299
53.66451
53.50715
53.28732
53.00343
52.82679
52.76057
52.80799
52.79938
52.79078
52.55167
52.19087
52.16619
52.14153
52.11686
52.03456
51.89305
51.69066
51.65635
51.56442
51.7014
51.61263
51.46469
51.37115
51.33363
51.41133
51.7804
52.04547
52.26097
52.30999
52.13014
52.00303
51.98801
52.2035
52.31013
52.42004
52.47548
52.76306
52.65524
52.77477
52.72459
52.84573
52.8548
52.9215
53.1627
53.52557
53.66756
53.58229
53.49376
53.28683
53.18866
53.20255
53.50459
53.64175
53.8398
53.75453
53.55076
53.34056
53.46975
53.54448
53.50557
53.46503
53.48053
53.61132
53.68764
53.53508
53.20482
53.21067
53.21653
53.2224
53.34355
53.64077
53.42736
53.20751
52.86601
52.63015
52.33019
52.42558
52.46656
52.56682
52.43972
52.19421
52.17276
52.20892
52.18908
52.1116
52.14776
51.95501
51.98796
52.08018
52.34846
52.33665
52.32484
52.19774
51.95224
51.93078
52.1398
52.29768
52.46033
52.51256
52.39354
52.50178
52.67091
52.90246
52.85227
52.9158
52.92326
53.04597
53.05666
53.18258
53.08124
53.09192
52.98736
52.76431
52.9382
53.34749
53.47984
53.38493
53.22913
52.95329
52.95754
53.07708
53.31502
53.38654
53.51733
53.30553
53.0873
52.9203
53.03657
53.09844
53.2196
53.11338
52.88877
52.8882
52.94526
53.06154
52.83532
52.71786
52.65485
52.70548
52.75771
53.04207
52.87347
52.81528
52.64021
52.46036
52.50616
52.61119
52.6042
52.65483
52.64943
52.47119
52.40337
52.39156
0.0
0.0
0.0
0.0
0.0
0.0
0.0
0.0
0.0
0.0
0.0
0.0
0.0
0.0
0.0
0.0
0.0
0.0
0.0
0.0
0.0
0.0
0.0
0.0
0.0
0.0
0.0
0.0
0.0
0.0
0.0
0.0
0.0
0.0
0.0
0.0
0.0
0.0
0.0
0.0
0.0
0.0
1.011531
4.325256
6.781692
8.755285
11.49615
14.8491
17.50157
19.77519
22.51992
25.05386
26.56064
27.87247
30.13389
32.44695
33.59988
34.42175
35.88094
37.41729
38.05109
38.04322
38.69976
39.4045
39.12017
38.27888
37.95943
37.94578
36.63245
35.13496
34.31294
33.37888
31.52278
29.92913
28.89404
27.39634
25.48081
23.88529
22.90763
21.00954
18.74158
17.30427
16.37597
14.76095
13.07385
12.35035
11.58046
10.24393
9.304371
9.579789
9.778545
8.860105
8.348271
8.657647
8.773511
8.286006
8.50285
9.385767
9.857471
9.905118
10.26501
11.57906
12.66282
12.98964
13.45905
14.82335
16.12706
16.44492
16.55475
17.66031
19.03978
19.95041
20.60827
21.86971
23.52032
24.53242
24.8291
25.42681
26.85216
28.14802
28.56043
28.81282
29.82238
30.91848
31.23836
30.87474
31.07615
31.80103
31.85367
30.98426
30.49254
30.73549
30.75438
29.96651
29.21374
29.24687
29.10871
28.16056
27.01384
26.81622
26.7883
25.66706
24.22875
23.61788
23.45518
22.65857
21.44091
21.05872
21.01747
20.23191
19.08449
18.77578
19.09934
18.63221
17.46714
17.0255
17.27055
17.12666
16.35211
16.13938
16.73501
17.00899
16.66352
16.54538
17.41007
18.24769
18.13458
17.79257
18.48302
19.37045
19.6529
19.48561
20.12346
21.30087
21.8221
21.66787
21.91383
23.03222
23.95223
23.8607
23.65067
24.52913
25.31646
25.60602
25.38339
25.84422
26.66206
26.98217
26.50191
26.40898
27.17563
27.50056
26.90989
26.41517
26.65353
26.95436
26.6277
25.88643
26.04466
26.43662
26.1467
25.21325
24.82875
25.23977
25.08577
24.06256
23.41382
23.61178
23.58567
22.69516
22.06866
22.34813
22.46437
21.77867
21.01765
21.21699
21.65488
21.12759
20.18405
20.19605
20.61465
20.52908
19.80964
19.99451
20.82134
20.92472
20.3414
20.08938
20.63929
21.09165
20.57882
20.34126
20.96329
21.6622
21.51764
21.19696
21.73265
22.51493
22.80106
22.28845
22.33763
23.1952
23.73112
23.1866
23.0294
23.67412
24.27893
24.09301
23.72779
24.44623
25.12634
25.01734
24.4425
24.54152
25.21839
25.22143
24.47371
24.16452
24.59482
24.80589
24.21498
23.83689
24.36959
24.74388
24.2634
23.53798
23.71367
24.18233
23.7418
22.82742
22.7517
23.13542
23.1846
22.48626
22.34488
22.89184
23.05146
22.40913
21.86438
22.22718
22.54362
21.94768
21.33564
21.51434
22.0452
21.843
21.29022
21.52975
22.29595
22.39311
21.74437
21.65419
22.31157
22.58485
22.00176
21.57546
22.1176
22.56052
22.38242
21.969
22.52397
23.15265
23.10749
22.48444
22.59287
23.28078
23.35406
22.6222
22.56095
23.18963
23.49022
23.0497
22.82684
23.4043
23.99784
23.74307
23.07686
23.25577
23.78526
23.58005
22.79218
22.84619
23.36282
23.43289
22.81308
22.69421
23.3789
23.6795
23.1237
22.66713
23.17733
23.64436
23.14461
22.34227
22.55469
23.06168
22.89162
22.25571
22.46655
23.20244
23.26769
22.5278
22.17039
22.66774
23.00667
22.26035
21.72363
22.20973
22.59503
22.35771
21.88343
22.14546
22.70365
22.64402
22.06413
22.1597
22.95001
23.01366
22.21452
21.91154
22.40728
22.80223
22.34402
22.04586
22.60405
23.1783
22.96186
22.33559
22.49843
23.12712
22.96669
22.34043
22.38803
23.07112
23.31246
22.86872
22.75791
23.39299
23.75763
23.38278
22.88142
23.34525
24.05244
23.62638
22.89934
22.95816
23.422
23.49529
22.82105
22.93431
23.56939
23.70354
23.14937
22.752
23.32306
23.85255
23.35923
22.67856
23.01588
23.47809
100.0
100.0
100.0
100.0
100.0
100.0
100.0
100.0
100.0
100.0
100.0
100.0
100.0
100.0
100.0
100.0
100.0
100.0
100.0
100.0
100.0
100.0
100.0
100.0
100.0
100.0
100.0
100.0
100.0
100.0
100.0
100.0
100.0
100.0
100.0
100.0
100.0
100.0
100.0
100.0
100.0
99.12122
97.86931
96.13024
94.52825
92.78319
90.89515
88.97938
87.03899
85.07729
82.63644
80.22543
77.90675
75.80205
73.28712
70.58436
67.86507
65.01726
62.55947
60.10291
57.82355
55.0956
52.6009
50.11866
47.76725
45.78363
44.1807
42.62553
41.35187
39.96592
38.52372
37.54389
36.9257
36.62275
36.24123
36.29825
36.23041
36.43784
36.81331
37.64978
38.44148
39.47495
40.35321
41.24436
42.43646
43.70707
45.28832
46.72725
48.19188
49.3941
50.84445
52.4342
54.05127
55.46514
56.55413
57.82728
59.00127
60.18806
61.21485
62.3073
63.17886
63.88078
64.35057
64.46658
64.68018
64.87927
65.29443
65.24055
65.05054
64.60587
64.01547
63.39127
63.02147
62.68363
62.20639
61.41368
60.29754
59.31087
58.45848
57.68763
56.71334
55.81898
54.83482
54.04744
53.17512
52.44677
51.52141
50.68237
49.75999
49.04082
48.416
48.00402
47.52313
47.14467
46.75655
46.18594
45.88897
45.70086
45.62476
45.60629
45.64703
45.74866
46.08559
46.31853
46.78997
47.04541
47.42411
47.75646
48.15609
48.68219
49.51093
50.07397
50.59385
50.95374
51.26404
51.92654
52.60506
53.47259
53.89993
54.27773
54.48905
54.93251
55.38399
55.95875
56.31429
56.73222
56.81085
56.71338
56.66549
56.66884
56.89784
56.95559
57.01007
56.94616
56.87577
56.6261
56.53803
56.15545
55.93125
55.75504
55.45555
55.20243
55.0549
54.84334
54.5085
54.1624
53.51692
52.96739
52.63231
52.63335
52.40387
52.28325
51.9865
51.45126
50.95911
50.85754
50.69674
50.64796
50.59919
50.49274
50.44236
50.44965
50.51611
50.41293
50.30814
50.31698
50.44267
50.63085
51.05592
51.14814
51.30114
51.2285
51.09662
50.96149
51.22657
51.49968
51.89607
52.13084
52.19915
52.21143
52.28134
52.41052
52.60049
52.85294
53.11177
53.31946
53.35907
53.62921
53.61762
53.66205
53.53358
53.51558
53.72643
54.0574
54.28115
54.22155
54.10116
53.86066
53.72737
53.64692
53.85139
53.83012
53.74967
53.55073
53.57587
53.54339
53.50931
53.30073
53.2586
53.15726
53.11034
53.06178
53.01159
52.72935
52.49666
52.37283
52.01525
51.87851
51.85384
52.0597
52.09907
52.08243
51.89294
51.69858
51.49945
51.52597
51.43885
51.63823
51.72884
51.70739
51.80117
51.84054
51.76629
51.74804
51.72981
51.65395
51.69171
51.84632
52.29395
52.29338
52.29282
52.29225
52.23407
52.17422
52.5162
52.75259
52.93779
52.9549
52.85672
52.87061
52.94213
53.18816
53.26771
53.34886
53.37401
53.51443
53.48518
53.62717
53.65714
53.85996
53.54898
53.4589
53.53845
53.6196
53.64474
53.61227
53.40534
53.07669
53.08416
53.14925
53.27357
53.22823
53.1813
53.01746
52.84887
52.6754
52.72763
52.55099
52.5424
52.59141
52.58442
52.63505
52.80256
52.68671
52.51007
52.38623
52.1439
52.01041
52.1042
52.43171
52.53835
52.64825
52.41555
52.23404
52.10539
52.31928
52.36668
52.53093
52.58482
52.58265
52.58048
52.5783
52.69137
52.63479
52.63424
52.46076
52.57066
52.85658
53.15058
53.04924
52.94469
52.66402
52.60583
52.66128
52.89118
53.06995
53.08064
53.0337
52.92748
52.99101
53.11372
53.18202
53.07908
53.20339
53.15806
53.11112
53.00491
53.12607
53.07751
53.02732
52.80271
52.57162
52.50701
52.67126
52.72514
52.66531
52.5463
52.25115
52.1785
52.21949
52.37737
52.42478
52.58904
52.41239
52.28856
52.10384
52.02959
51.95373
51.93388
51.91403
51.95179
52.04879
52.20666
52.25408
52.07257
52.00153
51.9865
52.14437
52.36464
52.53376
0.0
0.0
0.0
0.0
0.0
0.0
0.0
0.0
0.0
0.0