12.32093
12.32093
12.32093
12.3148
12.30253
12.29025
12.28412
12.27185
12.26571
12.25344
12.2473
12.24117
12.23503
12.2289
12.2289
12.22276
12.2289
12.2289
12.2289
12.2473
12.27185
12.30253
12.33321
12.37002
12.41297
12.45592
12.50501
12.56024
12.61546
12.68295
12.74431
12.81181
12.88544
12.96521
13.04497
13.12474
13.21678
13.30882
13.40086
13.49903
13.59721
13.70765
13.81196
13.92241
14.03899
14.15557
14.27829
14.40101
14.52987
14.65872
14.78757
14.9287
15.06369
15.20482
15.35208
15.49934
15.65274
15.80614
15.95954
16.11907
16.28474
16.44427
16.61608
16.78789
16.95969
17.13763
17.32171
17.49965
17.68373
17.87395
18.05802
18.24824
18.43845
18.6348
18.82501
19.00909
19.21158
19.40792
19.61041
19.80676
20.00311
20.19946
20.40195
20.60443
20.80692
21.0094
21.21189
21.42051
21.62913
21.83162
22.04637
22.25499
22.44521
22.67837
22.88699
23.10175
23.31651
23.53127
23.74602
23.96078
24.17554
24.3903
24.59892
24.79527
24.99162
25.17569
25.35364
25.52544
25.69111
25.85678
26.01018
26.15744
26.3047
26.43969
26.57468
26.70354
26.82626
26.94897
27.06556
27.176
27.28645
27.39076
27.48894
27.59325
27.68529
27.77732
27.86323
27.94913
28.03503
28.1148
28.19457
28.2682
28.34183
28.40932
28.47682
28.54432
28.60567
28.67317
28.73453
28.78975
28.85111
28.90633
28.95542
29.01064
29.05973
29.10882
29.15791
29.20086
29.24381
29.28676
29.32971
29.37267
29.40948
29.4463
29.47698
29.51379
29.54447
29.57515
29.59969
29.63037
29.65492
29.67946
29.69787
29.72241
29.74082
29.75923
29.7715
29.78377
29.79604
29.80832
29.81445
29.82059
29.82059
29.82672
29.82672
29.82059
29.82059
29.82059
29.82059
29.82059
29.82059
29.81445
29.80218
29.79604
29.78377
29.7715
29.76536
29.75309
29.74082
29.72855
29.71014
29.69787
29.6856
29.66719
29.65492
29.63651
29.62424
29.60583
29.58742
29.56901
29.55061
29.5322
29.50766
29.48925
29.4647
29.44016
29.41562
29.39107
29.36039
29.33585
29.30517
29.28063
29.24995
29.21927
29.18859
29.15177
29.12109
29.09041
29.0536
29.02292
28.9861
28.94929
28.91247
28.86952
28.8327
28.79589
28.75294
28.71612
28.67317
28.63022
28.58727
28.54432
28.50136
28.45841
28.41546
28.37251
28.32956
28.28047
28.23138
28.1823
28.13321
28.09026
28.04117
27.98595
27.93686
27.88777
27.83868
27.78346
27.73437
27.67915
27.62393
27.57484
27.51962
27.46439
27.41531
27.36008
27.30486
27.24964
27.19441
27.13919
27.08397
27.03488
26.97965
26.92443
26.87534
26.82012
26.7649
26.71581
26.66059
26.60536
26.55628
26.50105
26.45197
26.39674
26.34152
26.29243
26.23721
26.18812
26.1329
26.07767
26.02859
25.97336
25.92428
25.86905
25.81383
25.76474
25.71565
25.66043
25.61134
25.56226
25.51317
25.46408
25.415
25.36591
25.31682
25.26773
25.22478
25.17569
25.12661
25.08365
25.03457
24.98548
24.94253
24.89344
24.85049
24.80754
24.76459
24.72164
24.67868
24.64187
24.59892
24.5621
24.52529
24.48847
24.45779
24.42097
24.38416
24.35348
24.3228
24.29212
24.26144
24.2369
24.20622
24.18167
24.15713
24.13259
24.10804
24.0835
24.06509
24.04055
24.02214
24.00987
23.99146
23.97919
23.96078
23.95465
23.94237
23.93624
23.92397
23.91783
23.91783
23.91169
23.91169
23.90556
23.90556
23.91169
23.91169
23.91169
23.91169
23.91169
23.91169
23.91169
23.91169
23.91169
23.91169
23.91169
23.91169
23.91169
23.91169
23.91169
23.91169
23.91169
23.91783
23.91783
23.91783
23.92397
23.92397
23.92397
23.92397
23.92397
23.9301
23.9301
23.9301
23.9301
23.9301
23.9301
23.9301
23.9301
23.9301
23.9301
23.9301
23.9301
23.9301
23.9301
23.9301
23.9301
23.9301
23.9301
23.9301
23.9301
23.9301
23.9301
23.9301
23.9301
23.9301
23.9301
23.9301
23.9301
23.9301
23.9301
23.9301
23.9301
23.9301
23.9301
23.9301
23.9301
23.9301
23.9301
23.9301
23.9301
23.9301
23.9301
23.9301
23.9301
23.9301
23.9301
23.9301
23.9301
23.92397
23.90556
23.87488
23.85033
23.81965
23.78284
23.73989
23.69694
23.64785
23.59262
23.5374
23.47604
23.40855
23.34105
23.26742
23.19379
23.10789
23.02812
22.93608
22.85018
22.752
22.65383
22.54952
22.44521
22.3409
22.22431
22.11387
21.99115
21.87457
21.75185
21.62299
21.49414
21.35915
21.22416
21.08917
20.94191
20.80078
20.65352
20.50626
20.35286
20.19946
20.04606
19.88039
19.72086
19.55519
19.38338
19.21158
19.03363
18.84956
18.67775
18.50595
18.30346
18.11938
17.92917
17.73282
17.53647
17.34012
17.14377
16.94742
16.74493
16.54245
16.33996
16.13748
15.93499
15.73251
15.53002
15.32754
15.12505
14.91643
14.70781
14.50532
14.2967
14.08808
13.87946
13.67084
13.46222
13.24746
13.03884
12.82408
12.60932
12.39457
12.17981
11.96505
11.74416
11.53554
11.33305
11.13056
10.94035
10.75014
10.5722
10.40653
10.24086
10.08132
9.93406
9.786798
9.645672
9.522953
9.381826
9.259109
9.13639
9.025943
8.915497
8.80505
8.706875
8.608701
8.510526
8.418487
8.338719
8.246681
8.166914
8.093283
8.013515
7.939885
7.87239
7.804894
7.737399
7.67604
7.614681
7.559457
7.498098
7.442875
7.387651
7.332428
7.283341
7.234253
7.185166
7.142215
7.093127
7.056312
7.007225
6.970409
6.927457
6.890642
6.853827
6.817011
6.780195
6.749516
6.718836
6.688157
6.657477
6.632933
6.608389
6.583846
6.559302
6.540894
6.522487
6.504079
6.485671
6.473399
6.461127
6.448855
6.436584
6.430448
6.424312
6.424312
6.418176
6.418176
6.424312
6.424312
6.424312
6.424312
6.424312
6.424312
6.424312
6.430448
6.436584
6.442719
6.448855
6.454991
6.467263
6.473399
6.479535
6.491807
6.497943
6.510215
6.516351
6.528623
6.540894
6.553166
6.565438
6.57771
6.589982
6.602253
6.614525
6.626797
6.645205
6.657477
6.675885
6.688157
6.706564
6.718836
6.737244
6.755651
6.774059
6.792467
6.810875
6.829283
6.853827
6.872234
6.896778
6.921321
6.939729
6.964273
6.988817
7.013361
7.037904
7.068583
7.093127
7.123807
7.148351
7.17903
7.20971
7.240389
7.271069
7.301749
7.332428
7.369244
7.399923
7.436739
7.467419
7.504234
7.534914
7.571729
7.608545
7.64536
7.682176
7.718992
7.755807
7.798759
7.835574
7.878526
7.915341
7.958292
7.995108
8.038059
8.074875
8.117826
8.160778
8.20373
8.246681
8.289633
8.338719
8.381671
8.424623
8.47371
8.516662
8.565749
8.608701
8.657788
8.700739
8.749826
8.798914
8.848001
8.897089
8.946177
8.995264
9.050487
9.099574
9.148662
9.197749
9.246837
9.295924
9.345011
9.394098
9.443186
9.492273
9.541361
9.590448
9.639536
9.688622
9.73771
9.786798
9.835885
9.884973
9.93406
9.983148
10.03223
10.08132
10.13041
10.1795
10.22858
10.27767
10.32676
10.37585
10.42493
10.46789
10.51697
10.56606
10.61515
10.6581
10.70719
10.75014
10.79922
10.84218
10.89126
10.93422
10.9833
11.02625
11.06921
11.11216
11.16124
11.2042
11.24715
11.2901
11.33305
11.376
11.41895
11.45577
11.49872
11.53554
11.57235
11.6153
11.65212
11.68893
11.71961
11.75643
11.78711
11.81779
11.84847
11.87915
11.90983
11.94051
11.96505
11.99573
12.02027
12.04482
12.06936
12.08777
12.11231
12.13072
12.14913
12.1614
12.17981
12.19208
12.20435
12.21662
12.2289
12.24117
12.2473
12.25344
12.25957
12.26571
12.27185
12.27185
12.27798
12.27798
12.27798
12.27798
12.27185
12.27185
12.27185
12.27185
12.27185
12.27185
12.27185
12.27185
12.27185
12.27185
12.27185
12.27185
12.27185
12.27185
12.27185
12.27185
12.27185
12.27185
12.27185
12.27185
12.27185
12.27185
12.27185
12.27185
12.27185
12.27185
12.27185
12.27185
12.27185
12.27185
12.27185
12.27185
12.27185
12.27185
12.27185
12.27185
12.27185
12.27185
12.27185
12.27185
12.27185
12.27185
12.27185
12.27185
12.27185
12.27185
12.27185
12.27185
12.27185
12.27185
12.27185
12.28412
12.29639
12.32093
12.34548
12.37002
12.40684
12.44365
12.4866
12.53569
12.58478
12.64
12.69523
12.75658
12.82408
12.89157
12.96521
13.04497
13.12474
13.21064
13.30268
13.39472
13.48676
13.58493
13.68925
13.79356
13.904
14.01445
14.13103
14.24761
14.37033
14.49305
14.62191
14.75076
14.88575
15.02074
15.16187
15.30299
15.45026
15.59752
15.74478
15.90431
16.05771
16.21725
16.38292
16.54859
16.72039
16.8922
17.064
17.24195
17.42602
17.60396
17.78804
17.97212
18.16233
18.35255
18.54276
18.73297
18.92932
19.11954
19.31589
19.51224
19.70859
19.91107
20.10742
20.30377
20.50012
20.70261
20.90509
21.10758
21.31006
21.51868
21.7273
21.92979
22.14455
22.35317
22.56179
22.77655
22.9913
23.19993
23.41468
23.62944
23.8442
24.05896
24.26758
24.4762
24.67868
24.8689
25.05911
25.23092
25.40272
25.57453
25.73406
25.88746
26.03472
26.17585
26.31084
26.44583
26.57468
26.6974
26.81399
26.93057
27.04101
27.14532
27.24964
27.34781
27.43985
27.53189
27.62393
27.70983
27.79573
27.8755
27.94913
28.0289
28.09639
28.16389
28.23138
28.29888
28.36024
28.4216
28.47682
28.53204
28.58727
28.64249
28.69158
28.74067
28.78975
28.8327
28.87565
28.91861
28.96156
28.99837
29.03519
29.072
29.10268
29.1395
29.17018
29.20086
29.23154
29.25608
29.28063
29.30517
29.32971
29.34812
29.36653
29.38494
29.40335
29.41562
29.43402
29.44016
29.45243
29.45857
29.47084
29.47084
29.47698
29.47698
29.47698
29.47698
29.47084
29.47084
29.47084
29.47084
29.47084
29.47084
29.47084
29.4647
29.45857
29.4463
29.44016
29.43402
29.42789
29.42175
29.41562
29.40335
29.39721
29.38494
29.3788
29.36653
29.35426
29.34199
29.32971
29.31744
29.29903
29.28676
29.27449
29.25608
29.24381
29.2254
29.207
29.19472
29.17632
29.15791
29.1395
29.12109
29.10268
29.08428
29.05973
29.04132
29.02292
28.99837
28.97997
28.95542
28.93088
28.90633
28.88179
28.85111
28.82657
28.79589
28.77135
28.74067
28.70999
28.67931
28.64863
28.61181
28.58113
28.54432
28.5075
28.47682
28.44
28.40319
28.36024
28.32342
28.28661
28.24365
28.20684
28.16389
28.12094
28.07799
28.03503
27.99208
27.94913
27.90618
27.85709
27.81414
27.76505
27.71597
27.67301
27.62393
27.57484
27.52575
27.47667
27.42758
27.38463
27.33554
27.28645
27.23736
27.19441
27.14532
27.09624
27.05329
27.0042
26.96125
26.91216
26.86307
26.82012
26.77103
26.72808
26.679
26.63604
26.58696
26.544
26.49492
26.45197
26.40288
26.35379
26.31084
26.26175
26.2188
26.16971
26.12063
26.07767
26.02859
25.9795
25.93655
25.88746
25.83837
25.79542
25.74633
25.70338
25.66043
25.61134
25.56839
25.52544
25.48249
25.43954
25.39659
25.35364
25.31068
25.26773
25.23092
25.18797
25.14501
25.10206
25.06525
25.02229
24.98548
24.94253
24.90571
24.86276
24.82594
24.78913
24.75232
24.7155
24.67868
24.648
24.61119
24.58051
24.54983
24.51915
24.49461
24.46393
24.43938
24.4087
24.38416
24.36575
24.34121
24.31666
24.29826
24.27371
24.2553
24.2369
24.21849
24.20008
24.18781
24.1694
24.15713
24.14486
24.13259
24.12031
24.10804
24.09577
24.08964
24.07736
24.07123
24.06509
24.06509
24.05896
24.05896
24.05282
24.05282
24.05896
24.05896
24.05896
24.05896
24.05896
24.05896
24.05896
24.05896
24.05896
24.05896
24.05896
24.05896
24.05896
24.05896
24.05896
24.05896
24.05896
24.06509
24.06509
24.06509
24.07123
24.07123
24.07123
24.07123
24.07736
24.07736
24.07736
24.07736
24.07736
24.07736
24.07736
24.07736
24.07736
24.07736
24.07736
24.07736
24.07736
24.07736
24.07736
24.07736
24.07736
24.07736
24.07736
24.07736
24.07736
24.07736
24.07736
24.07736
24.07736
24.07736
24.07736
24.07736
24.07736
24.07736
24.07736
24.07736
24.07736
24.07736
24.07736
24.07736
24.07736
24.07736
24.06509
24.04668
24.02214
23.98532
23.95465
23.91169
23.86874
23.81965
23.76443
23.70921
23.64785
23.58035
23.50672
23.43309
23.35946
23.27969
23.19379
23.10789
23.01585
22.91767
22.8195
22.72132
22.61701
22.5127
22.40226
22.28567
22.16909
22.05251
21.92979
21.80094
21.67208
21.54323
21.40824
21.27325
21.13212
20.99099
20.84373
20.69647
20.54307
20.38967
20.23627
20.07674
19.91721
19.75154
19.58587
19.41406
19.23612
19.05818
18.88024
18.70229
18.51822
18.328
18.13779
17.94144
17.74509
17.55488
17.35239
17.15604
16.95356
16.75107
16.54859
16.3461
16.14361
15.94113
15.73251
15.53616
15.32754
15.11891
14.91643
14.70781
14.50532
14.2967
14.08808
13.87946
13.67084
13.45608
13.24746
13.0327
12.81181
12.59705
12.38229
12.16754
11.94664
11.72575
11.51099
11.30851
11.10602
10.91581
10.72559
10.54765
10.37585
10.21018
10.05064
9.90338
9.756118
9.614992
9.480001
9.351147
9.228429
9.111846
8.995264
8.884817
8.780506
8.676195
8.578021
8.479846
8.393943
8.308041
8.222137
8.14237
8.062603
7.988972
7.921477
7.853982
7.786487
7.725128
7.657632
7.602409
7.54105
7.485826
7.436739
7.381516
7.332428
7.283341
7.234253
7.191302
7.148351
7.105399
7.062448
7.019496
6.982681
6.945865
6.90905
6.872234
6.841555
6.810875
6.780195
6.749516
6.718836
6.694293
6.669749
6.645205
6.620661
6.602253
6.57771
6.559302
6.54703
6.528623
6.516351
6.504079
6.491807
6.485671
6.473399
6.467263
6.461127
6.461127
6.461127
6.461127
6.461127
6.461127
6.461127
6.461127
6.461127
6.461127
6.461127
6.467263
6.473399
6.479535
6.485671
6.491807
6.497943
6.504079
6.510215
6.516351
6.522487
6.534759
6.540894
6.54703
6.559302
6.565438
6.57771
6.583846
6.596117
6.608389
6.620661
6.632933
6.645205
6.657477
6.669749
6.682021
6.694293
6.7127
6.724972
6.74338
6.755651
6.774059
6.786331
6.804739
6.823147
6.841555
6.859962
6.87837
6.896778
6.921321
6.939729
6.964273
6.982681
7.007225
7.031768
7.056312
7.080855
7.105399
7.129943
7.154487
7.185166
7.215846
7.240389
7.271069
7.301749
7.332428
7.363108
7.393787
7.430603
7.461283
7.498098
7.528778
7.565593
7.596273
7.633089
7.669904
7.70672
7.743535
7.780351
7.817166
7.853982
7.896933
7.933749
7.970564
8.013515
8.056467
8.093283
8.136234
8.179186
8.222137
8.265089
8.308041
8.350991
8.393943
8.436894
8.485982
8.528934
8.578021
8.620973
8.670059
8.719147
8.762098
8.811186
8.860273
8.909361
8.958448
9.007535
9.056623
9.111846
9.154798
9.210021
9.259109
9.308196
9.363419
9.412506
9.461594
9.510681
9.559769
9.608856
9.657944
9.70703
9.756118
9.805205
9.854293
9.90338
9.952468
10.00156
10.05064
10.09973
10.14882
10.1979
10.24699
10.29608
10.3513
10.39425
10.44948
10.49856
10.54765
10.59674
10.63969
10.68878
10.73787
10.78695
10.8299
10.87899
10.92194
10.97103
11.01398
11.06307
11.10602
11.14897
11.19806
11.24101
11.28396
11.32691
11.376
11.41895
11.45577
11.49872
11.54167
11.57849
11.62144
11.65825
11.69507
11.73188
11.76256
11.79938
11.83006
11.86074
11.89756
11.9221
11.95278
11.98346
12.01414
12.03868
12.06322
12.08777
12.11231
12.13072
12.14913
12.16754
12.18594
12.19822
12.21662
12.2289
12.24117
12.25344
12.25957
12.27185
12.27798
12.28412
12.29025
12.29639
12.29639
12.29639
12.29639
12.29639
12.29639
12.29639
12.29639
12.29639
12.29639
12.29639
12.29639
12.29639
12.29639
12.29639
12.29639
12.29639
12.29639
12.29639
12.29025
12.29025
12.29025
12.29025
12.29025
12.29025
12.29025
12.29025
12.29025
12.29025
12.29025
12.29025
12.29025
12.29025
12.29025
12.29025
12.29025
12.29025
12.29025
12.29025
12.29025
12.29025
12.29025
12.29025
12.29025
12.29025
12.29025
12.29025
12.29025
12.29025
12.29025
12.29025
12.29025
12.29025
12.30253
12.32093
12.33934
12.36389
12.39457
12.43138
12.4682
12.51115
12.5541
12.60932
12.66455
12.71977
12.78726
12.85476
12.92225
12.99589
13.07565
13.15542
13.24132
13.32723
13.41926
13.51744
13.61561
13.71379
13.82423
13.92855
14.04513
14.15557
14.27829
14.39488
14.52373
14.64645
14.78144
14.91643
15.05142
15.19255
15.33367
15.48093
15.6282
15.7816
15.93499
16.08839
16.24792
16.4136
16.57927
16.75107
16.92288
17.09468
17.27262
17.45057
17.63464
17.81872
18.0028
18.19301
18.38323
18.57344
18.76365
18.96
19.15022
19.34657
19.53678
19.73313
19.93562
20.13196
20.32831
20.5308
20.72715
20.92963
21.13212
21.33461
21.54936
21.75185
21.95433
22.16295
22.37771
22.58633
22.80109
23.00971
23.22447
23.43923
23.65398
23.86261
24.0835
24.29212
24.50074
24.69709
24.8873
25.07752
25.25546
25.42727
25.59294
25.75247
25.90587
26.05313
26.19426
26.33538
26.46424
26.59309
26.70967
26.83239
26.94284
27.05329
27.1576
27.26191
27.36008
27.45826
27.55029
27.6362
27.7221
27.808
27.88777
27.9614
28.04117
28.10867
28.1823
28.24365
28.31115
28.37251
28.43387
28.49523
28.55045
28.60567
28.6609
28.70999
28.76521
28.8143
28.85725
28.90633
28.94929
28.99224
29.03519
29.072
29.10882
29.14564
29.18245
29.21927
29.24995
29.28063
29.31131
29.34199
29.36653
29.39107
29.41562
29.43402
29.45857
29.47698
29.49538
29.50766
29.52606
29.53834
29.55061
29.55674
29.56288
29.56901
29.56901
29.57515
29.57515
29.56901
29.56901
29.56901
29.56901
29.56901
29.56901
29.56901
29.56288
29.55674
29.55061
29.54447
29.53834
29.5322
29.51993
29.51379
29.50152
29.48925
29.47698
29.4647
29.45243
29.44016
29.42175
29.40948
29.39107
29.3788
29.36039
29.34199
29.32358
29.30517
29.28676
29.26835
29.24995
29.23154
29.21313
29.18859
29.17018
29.14564
29.12723
29.10268
29.07814
29.0536
29.02905
29.00451
28.97997
28.94929
28.91861
28.88793
28.85725
28.82657
28.79589
28.76521
28.72839
28.69771
28.6609
28.62408
28.58727
28.55045
28.51364
28.47682
28.43387
28.39705
28.3541
28.31115
28.27433
28.23138
28.18843
28.13935
28.09639
28.05344
28.00435
27.9614
27.91845
27.86936
27.82028
27.77119
27.7221
27.67301
27.62393
27.57484
27.52575
27.47667
27.42144
27.37235
27.32327
27.27418
27.22509
27.176
27.13305
27.08397
27.03488
26.98579
26.94284
26.89375
26.84466
26.80171
26.75263
26.70354
26.66059
26.6115
26.56241
26.51946
26.47037
26.42742
26.37833
26.33538
26.28629
26.24334
26.20039
26.14517
26.10222
26.05313
26.00404
25.96109
25.91814
25.86905
25.8261
25.78315
25.7402
25.69725
25.64816
25.61134
25.56839
25.52544
25.48249
25.43954
25.40272
25.35977
25.31682
25.28
25.23705
25.20024
25.15729
25.12047
25.07752
25.0407
25.00389
24.96094
24.92412
24.8873
24.85049
24.81367
24.77686
24.74618
24.7155
24.67868
24.648
24.61732
24.58665
24.55597
24.53142
24.50074
24.4762
24.45165
24.42711
24.4087
24.38416
24.36575
24.34121
24.3228
24.30439
24.28598
24.26758
24.2553
24.2369
24.22462
24.21235
24.20008
24.18781
24.17554
24.16327
24.15713
24.15099
24.13872
24.13259
24.12645
24.12031
24.12031
24.11418
24.11418
24.11418
24.10804
24.10804
24.10804
24.11418
24.11418
24.11418
24.11418
24.11418
24.11418
24.11418
24.11418
24.11418
24.11418
24.11418
24.11418
24.11418
24.11418
24.11418
24.11418
24.11418
24.11418
24.11418
24.11418
24.11418
24.11418
24.11418
24.11418
24.11418
24.11418
24.11418
24.11418
24.11418
24.11418
24.11418
24.11418
24.11418
24.11418
24.11418
24.11418
24.11418
24.11418
24.11418
24.11418
24.11418
24.11418
24.11418
24.11418
24.11418
24.11418
24.11418
24.11418
24.11418
24.11418
24.11418
24.11418
24.11418
24.11418
24.11418
24.11418
24.11418
24.11418
24.11418
24.11418
24.10804
24.08964
24.07123
24.04055
24.00987
23.97919
23.93624
23.89329
23.8442
23.78897
23.73375
23.67239
23.6049
23.5374
23.46377
23.384
23.30424
23.22447
23.13243
23.04653
22.94835
22.85018
22.752
22.64769
22.53725
22.4268
22.31635
22.19977
22.07705
21.95433
21.82548
21.69662
21.56777
21.43278
21.29165
21.15053
21.0094
20.86214
20.71488
20.56148
20.40808
20.25468
20.08901
19.92334
19.76381
19.592
19.4202
19.24839
19.07045
18.88637
18.70843
18.51822
18.328
18.13779
17.94144
17.74509
17.54874
17.35239
17.14991
16.94742
16.74493
16.53631
16.33383
16.13134
15.92886
15.72024
15.51775
15.30299
15.10051
14.89189
14.6894
14.48078
14.26602
14.0574
13.84878
13.64016
13.4254
13.21064
12.99589
12.77499
12.56024
12.33934
12.12458
11.90369
11.6828
11.46804
11.25942
11.05693
10.86672
10.67651
10.49856
10.32676
10.15495
9.99542
9.842021
9.694758
9.553633
9.418642
9.289788
9.167069
9.044351
8.927769
8.817322
8.706875
8.602565
8.50439
8.406215
8.320313
8.228273
8.14237
8.062603
7.982836
7.909205
7.835574
7.768079
7.700584
7.633089
7.565593
7.504234
7.449011
7.387651
7.332428
7.277205
7.228117
7.172894
7.123807
7.074719
7.031768
6.982681
6.939729
6.896778
6.853827
6.810875
6.774059
6.737244
6.700428
6.663613
6.632933
6.602253
6.571574
6.540894
6.510215
6.485671
6.461127
6.436584
6.418176
6.393632
6.375224
6.356817
6.344545
6.326137
6.313865
6.301593
6.295457
6.289321
6.283185
6.283185
6.283185
6.283185
6.283185
6.283185
6.283185
6.283185
6.283185
6.283185
6.289321
6.295457
6.301593
6.313865
6.320001
6.326137
6.338409
6.344545
6.356817
6.369088
6.375224
6.387496
6.399768
6.41204
6.424312
6.436584
6.448855
6.461127
6.473399
6.485671
6.504079
6.516351
6.528623
6.54703
6.559302
6.57771
6.589982
6.608389
6.620661
6.639069
6.657477
6.675885
6.700428
6.718836
6.74338
6.767923
6.786331
6.810875
6.835419
6.866098
6.890642
6.915185
6.945865
6.970409
7.001089
7.025632
7.056312
7.086991
7.117671
7.148351
7.17903
7.215846
7.246525
7.283341
7.314021
7.350836
7.387651
7.418331
7.455147
7.491962
7.528778
7.571729
7.608545
7.64536
7.688312
7.725128
7.761943
7.804894
7.847846
7.884662
7.927613
7.970564
8.013515
8.056467
8.099419
8.14237
8.185322
8.234409
8.277361
8.320313
8.369399
8.412351
8.461438
8.510526
8.559613
8.602565
8.651652
8.700739
8.749826
8.798914
8.854137
8.903225
8.952312
9.007535
9.056623
9.111846
9.160933
9.210021
9.265244
9.314332
9.369555
9.418642
9.473866
9.522953
9.572041
9.621128
9.676352
9.725438
9.774526
9.823613
9.878837
9.927924
9.977012
10.0261
10.08132
10.13041
10.1795
10.22858
10.28381
10.3329
10.38198
10.43721
10.48629
10.53538
10.58447
10.63356
10.68264
10.73173
10.77468
10.82377
10.87286
10.92194
10.9649
11.01398
11.05693
11.10602
11.14897
11.19806
11.24101
11.2901
11.33305
11.376
11.41895
11.4619
11.50486
11.54781
11.59076
11.62757
11.66439
11.70121
11.73802
11.77484
11.81165
11.84233
11.87915
11.90983
11.94051
11.97119
11.99573
12.02641
12.05095
12.08163
12.10618
12.12458
12.14913
12.16754
12.18594
12.20435
12.22276
12.23503
12.25344
12.26571
12.27798
12.28412
12.29639
12.30253
12.30866
12.3148
12.3148
12.32093
12.32093
12.32093
12.32093
12.32093
12.32093
12.32093
12.32093
12.32093
12.32093
12.32093
12.32093
12.32093
12.32093
12.32093
12.32093
12.32093
12.32093
12.32093
12.32093
12.32093
12.32093
12.32093
12.32093
12.32093
12.32093
12.3148
12.3148
12.3148
12.3148
12.3148
12.3148
12.3148
12.3148
12.3148
12.3148
12.3148
12.3148
12.3148
12.3148
12.3148
12.3148
12.3148
12.3148
12.3148
12.3148
12.3148
12.3148
12.3148
12.3148
12.3148
12.3148
12.3148
12.3148
12.3148
12.3148
12.32707
12.33934
12.35775
12.38229
12.41297
12.44979
12.4866
12.52956
12.57251
12.62773
12.67682
12.73818
12.79954
12.86703
12.93453
13.00816
13.08179
13.16769
13.24746
13.33336
13.4254
13.51744
13.61561
13.71379
13.8181
13.92241
14.03286
14.14944
14.26602
14.3826
14.50532
14.62804
14.7569
14.88575
15.02074
15.16187
15.30299
15.44412
15.59138
15.73864
15.89204
16.04544
16.20497
16.37064
16.53018
16.69585
16.86152
17.03946
17.21127
17.38921
17.57328
17.75123
17.9353
18.12552
18.3096
18.49981
18.69002
18.88024
19.07045
19.2668
19.46315
19.6595
19.84971
20.04606
20.24241
20.4449
20.64125
20.84373
21.04622
21.24257
21.45119
21.65367
21.8623
22.07092
22.2734
22.48202
22.69678
22.9054
23.11402
23.32878
23.54354
23.7583
23.96692
24.18167
24.3903
24.59892
24.79527
24.98548
25.16956
25.3475
25.51317
25.67884
25.83837
25.99791
26.13903
26.28016
26.41515
26.55014
26.679
26.79558
26.91829
27.02874
27.13919
27.24964
27.35395
27.45212
27.54416
27.6362
27.72824
27.81414
27.90004
27.97981
28.05958
28.13321
28.20684
28.28047
28.34797
28.41546
28.48296
28.54432
28.59954
28.6609
28.71612
28.77748
28.82657
28.88179
28.93088
28.97997
29.02905
29.072
29.12109
29.16404
29.20086
29.24381
29.28063
29.31744
29.35426
29.39107
29.42175
29.45243
29.48311
29.50766
29.5322
29.55674
29.58129
29.60583
29.62424
29.64264
29.65492
29.67332
29.6856
29.69173
29.69787
29.704
29.71014
29.71014
29.71014
29.71014
29.71014
29.71014
29.71014
29.71014
29.71014
29.71014
29.704
29.69787
29.69173
29.67946
29.67332
29.66105
29.65492
29.64264
29.63037
29.6181
29.60583
29.59356
29.58129
29.56288
29.55061
29.5322
29.51993
29.50152
29.48311
29.47084
29.45243
29.43402
29.40948
29.39107
29.36653
29.34812
29.32358
29.29903
29.27449
29.24995
29.21927
29.19472
29.16404
29.1395
29.10882
29.07814
29.04746
29.01678
28.97997
28.94929
28.91247
28.87565
28.84498
28.80816
28.77135
28.72839
28.69158
28.65476
28.61181
28.575
28.53204
28.48909
28.44614
28.40319
28.36024
28.31729
28.27433
28.22525
28.1823
28.13321
28.09026
28.04117
27.99208
27.943
27.89391
27.84482
27.79573
27.74664
27.69142
27.64233
27.59325
27.53802
27.48894
27.43371
27.37849
27.3294
27.27418
27.22509
27.16987
27.12078
27.07169
27.02261
26.96738
26.91829
26.86307
26.81399
26.7649
26.71581
26.66672
26.6115
26.56241
26.51332
26.46424
26.41515
26.35993
26.31084
26.26175
26.21266
26.16358
26.11449
26.05927
26.01018
25.96109
25.912
25.85678
25.81383
25.76474
25.71565
25.66657
25.61748
25.56839
25.52544
25.47635
25.4334
25.38432
25.34136
25.29228
25.24932
25.20637
25.16342
25.11433
25.07138
25.02843
24.98548
24.94253
24.89958
24.85662
24.81981
24.77686
24.74004
24.70323
24.66641
24.6296
24.59278
24.5621
24.52529
24.49461
24.46393
24.43325
24.4087
24.37802
24.35348
24.3228
24.29826
24.27985
24.2553
24.23076
24.21235
24.18781
24.1694
24.15099
24.13259
24.11418
24.10191
24.0835
24.07123
24.05896
24.05282
24.04055
24.03441
24.02828
24.02214
24.016
24.016
24.016
24.016
24.016
24.016
24.016
24.016
24.016
24.016
24.016
24.016
24.016
24.016
24.016
24.016
24.016
24.016
24.016
24.016
24.016
24.016
24.02214
24.02214
24.02214
24.02214
24.02828
24.02828
24.02828
24.02828
24.02828
24.02828
24.02828
24.02828
24.02828
24.02828
24.02828
24.02828
24.02828
24.02828
24.02828
24.02828
24.02828
24.02828
24.02828
24.02828
24.02828
24.02828
24.02828
24.02828
24.02828
24.02828
24.02828
24.02828
24.02828
24.02828
24.02828
24.02828
24.02828
24.02828
24.02828
24.02828
24.02828
24.02828
24.02828
24.02828
24.02828
24.02828
24.02828
24.02828
24.02828
24.02828
24.02828
24.02828
24.02828
24.016
23.9976
23.96692
23.94237
23.90556
23.86261
23.81965
23.7767
23.72148
23.66626
23.6049
23.54354
23.47604
23.40241
23.32878
23.24901
23.16311
23.07721
22.98517
22.89313
22.79495
22.69065
22.58633
22.48202
22.36544
22.25499
22.13841
22.01569
21.89297
21.76412
21.63527
21.50641
21.37142
21.23643
21.0953
20.94804
20.80692
20.65965
20.50626
20.35286
20.19946
20.03992
19.87426
19.71472
19.55519
19.37111
19.1993
19.02136
18.84342
18.65934
18.47527
18.28505
18.09484
17.90462
17.70827
17.51192
17.31558
17.11923
16.92288
16.72039
16.51791
16.30928
16.11293
15.91045
15.70183
15.49934
15.29686
15.08824
14.88575
14.6894
14.47464
14.26602
14.0574
13.84878
13.64016
13.43154
13.21678
13.00202
12.78726
12.57251
12.35775
12.13686
11.9221
11.71348
11.49258
11.28396
11.08761
10.89126
10.70719
10.52924
10.35744
10.19177
10.03223
9.884973
9.73771
9.596584
9.461594
9.33274
9.210021
9.087302
8.97072
8.860273
8.755962
8.651652
8.553477
8.455302
8.363263
8.277361
8.191458
8.111691
8.038059
7.964428
7.890798
7.823302
7.755807
7.688312
7.626953
7.565593
7.51037
7.455147
7.399923
7.3447
7.295613
7.246525
7.197438
7.154487
7.111535
7.068583
7.025632
6.988817
6.952001
6.90905
6.872234
6.841555
6.804739
6.774059
6.74338
6.718836
6.688157
6.663613
6.639069
6.614525
6.596117
6.57771
6.559302
6.540894
6.528623
6.516351
6.504079
6.491807
6.485671
6.473399
6.467263
6.467263
6.461127
6.461127
6.467263
6.467263
6.467263
6.467263
6.467263
6.467263
6.467263
6.467263
6.473399
6.479535
6.485671
6.491807
6.497943
6.504079
6.510215
6.516351
6.528623
6.534759
6.540894
6.553166
6.559302
6.571574
6.57771
6.589982
6.596117
6.608389
6.620661
6.632933
6.645205
6.657477
6.669749
6.682021
6.694293
6.7127
6.724972
6.74338
6.755651
6.767923
6.786331
6.804739
6.817011
6.835419
6.853827
6.872234
6.890642
6.915185
6.933593
6.958137
6.976545
7.001089
7.025632
7.04404
7.068583
7.099263
7.123807
7.148351
7.17903
7.203574
7.234253
7.264933
7.289477
7.320157
7.350836
7.387651
7.418331
7.449011
7.479691
7.516506
7.547186
7.584001
7.620817
7.651496
7.688312
7.725128
7.761943
7.798759
7.84171
7.878526
7.915341
7.958292
7.995108
8.038059
8.074875
8.117826
8.160778
8.20373
8.246681
8.289633
8.332583
8.375535
8.418487
8.467574
8.510526
8.553477
8.602565
8.645516
8.694603
8.74369
8.792778
8.841866
8.890953
8.940041
8.989128
9.038215
9.087302
9.13639
9.191613
9.240701
9.289788
9.338876
9.394098
9.443186
9.492273
9.541361
9.590448
9.639536
9.694758
9.73771
9.792933
9.842021
9.891109
9.940196
9.989284
10.03837
10.08746
10.13655
10.18563
10.23472
10.28381
10.3329
10.38812
10.43721
10.48629
10.53538
10.58447
10.63356
10.68264
10.73173
10.77468
10.82377
10.87286
10.92194
10.9649
11.01398
11.05693
11.10602
11.14897
11.19806
11.24101
11.28396
11.33305
11.376
11.41895
11.4619
11.50486
11.54781
11.59076
11.62757
11.66439
11.70734
11.74416
11.77484
11.81165
11.84847
11.87915
11.91596
11.94664
11.97119
12.00187
12.03255
12.05709
12.08777
12.11231
12.13072
12.15526
12.17367
12.19208
12.21049
12.22276
12.24117
12.25344
12.26571
12.27798
12.28412
12.29639
12.30253
12.30866
12.3148
12.3148
12.32093
12.32093
12.32093
12.32093
12.32093
12.32093
12.32093
12.32093
12.32093
12.32093
12.32093
12.32093
12.32093
12.32093
12.32093
12.32093
12.32093
12.32093
12.32093
12.32093
12.32093
12.32093
12.32093
12.32093
12.32093
12.32093
12.32093
12.32093
12.32093
12.32093
12.32093
12.32093
12.32093
12.32093
12.32093
12.32093
12.32093
12.32093
12.32093
12.32093
12.32093
12.32093
12.32093
12.32093
12.32093
12.32093
12.32093
12.32093
12.32093
12.32093
12.32093
12.32093
12.32093
12.32093
12.32707
12.34548
12.36389
12.38843
12.41911
12.45592
12.49274
12.53569
12.57864
12.63387
12.68909
12.74431
12.81181
12.87317
12.94066
13.01429
13.09406
13.17383
13.25973
13.34563
13.43767
13.52971
13.62789
13.7322
13.83651
13.94695
14.0574
14.16785
14.28443
14.40715
14.52987
14.65872
14.78757
14.92257
15.05756
15.19255
15.33367
15.4748
15.6282
15.7816
15.92886
16.08839
16.24792
16.40746
16.57313
16.7388
16.9106
17.08241
17.26035
17.43829
17.62237
17.80645
17.99053
18.1746
18.36482
18.5489
18.73911
18.93546
19.12567
19.31589
19.51224
19.70859
19.90494
20.10128
20.29763
20.49398
20.69647
20.89282
21.0953
21.29779
21.50641
21.7089
21.91752
22.12614
22.33476
22.53725
22.752
22.96676
23.17538
23.39014
23.59876
23.81352
24.02828
24.2369
24.44552
24.648
24.83822
25.02229
25.20024
25.37204
25.53771
25.69111
25.84451
25.99177
26.1329
26.27402
26.40288
26.53173
26.65445
26.77103
26.88148
26.99193
27.09624
27.20055
27.29259
27.39076
27.47667
27.5687
27.64847
27.73437
27.808
27.88777
27.95527
28.0289
28.09639
28.15775
28.22525
28.28047
28.34183
28.39705
28.45228
28.5075
28.55659
28.60567
28.65476
28.69771
28.74067
28.78362
28.82657
28.86338
28.90633
28.94315
28.97383
29.01064
29.04132
29.072
29.10268
29.12723
29.15177
29.18245
29.20086
29.2254
29.24381
29.26835
29.28676
29.29903
29.31744
29.32971
29.34199
29.34812
29.36039
29.36653
29.37267
29.3788
29.3788
29.3788
29.3788
29.3788
29.3788
29.3788
29.3788
29.3788
29.3788
29.37267
29.36653
29.36039
29.35426
29.34812
29.34199
29.33585
29.32358
29.31744
29.31131
29.30517
29.29903
29.28676
29.28063
29.26835
29.25608
29.24995
29.23767
29.2254
29.21313
29.20086
29.18859
29.17018
29.15791
29.14564
29.12723
29.11496
29.09655
29.07814
29.05973
29.04746
29.02905
29.01064
28.9861
28.96769
28.94929
28.93088
28.90633
28.88179
28.86338
28.83884
28.8143
28.79589
28.77135
28.7468
28.72226
28.69158
28.66703
28.64249
28.61181
28.58113
28.55045
28.51977
28.48909
28.45841
28.42773
28.39092
28.3541
28.32342
28.28661
28.24979
28.21297
28.17002
28.13321
28.09639
28.05344
28.01049
27.97367
27.93072
27.88777
27.84482
27.80187
27.75278
27.70983
27.66074
27.61779
27.57484
27.52575
27.4828
27.43371
27.39076
27.34167
27.29872
27.24964
27.20668
27.1576
27.11465
27.07169
27.02261
26.97965
26.9367
26.88762
26.84466
26.80171
26.75876
26.70967
26.66672
26.62377
26.58082
26.53787
26.48878
26.44583
26.39674
26.35379
26.31084
26.26175
26.2188
26.17585
26.12676
26.08381
26.03472
25.99177
25.94268
25.89973
25.85065
25.80769
25.75861
25.71565
25.6727
25.62975
25.5868
25.54385
25.5009
25.45795
25.415
25.37204
25.32909
25.28614
25.24932
25.20637
25.16342
25.12661
25.08365
25.0407
25.00389
24.96707
24.92412
24.8873
24.84435
24.80754
24.77072
24.73391
24.69709
24.66028
24.6296
24.59278
24.5621
24.53142
24.50074
24.47006
24.44552
24.42097
24.3903
24.36575
24.34121
24.3228
24.29826
24.27371
24.2553
24.2369
24.21849
24.20008
24.18167
24.1694
24.15099
24.13872
24.12645
24.11418
24.10191
24.08964
24.07736
24.07123
24.06509
24.05896
24.05282
24.04668
24.04055
24.04055
24.04055
24.04055
24.04055
24.04055
24.04055
24.04055
24.04055
24.04055
24.04055
24.04055
24.04055
24.04055
24.04055
24.04055
24.04055
24.04055
24.04055
24.04055
24.04055
24.04668
24.04668
24.04668
24.04668
24.05282
24.05282
24.05282
24.05282
24.05282
24.05896
24.05896
24.05896
24.05896
24.05896
24.05896
24.05896
24.05896
24.05896
24.06509
24.06509
24.06509
24.05896
24.05896
24.05896
24.05896
24.05896
24.05896
24.05896
24.05896
24.05896
24.05896
24.05896
24.05896
24.05896
24.05896
24.05896
24.05896
24.05896
24.05896
24.05896
24.05896
24.04668
24.02828
23.9976
23.96692
23.93624
23.89329
23.85033
23.80125
23.74602
23.6908
23.6233
23.56194
23.48831
23.41468
23.33492
23.25515
23.16925
23.08334
22.9913
22.89313
22.79495
22.69065
22.58633
22.47589
22.36544
22.24272
22.12614
22.00956
21.88684
21.75798
21.62913
21.49414
21.35915
21.21802
21.0769
20.93577
20.78851
20.63511
20.48785
20.34672
20.17492
20.01538
19.85585
19.69018
19.51837
19.34657
19.17476
19.00295
18.81274
18.62866
18.43845
18.25437
18.06416
17.86781
17.6776
17.47511
17.27876
17.07627
16.87992
16.67744
16.47495
16.27247
16.06385
15.86136
15.65888
15.45639
15.25391
15.04528
14.8428
14.63418
14.42556
14.21693
14.02672
13.80583
13.59107
13.38859
13.16769
12.95293
12.73818
12.52342
12.30866
12.08777
11.86688
11.67053
11.43736
11.22874
11.03853
10.83604
10.65196
10.47402
10.30222
10.13655
9.977012
9.823613
9.676352
9.535225
9.400234
9.277516
9.142526
9.025943
8.909361
8.798914
8.688467
8.584157
8.485982
8.387807
8.295769
8.209866
8.123962
8.038059
7.958292
7.884662
7.81103
7.737399
7.669904
7.602409
7.54105
7.479691
7.418331
7.356972
7.301749
7.246525
7.191302
7.142215
7.086991
7.037904
6.988817
6.945865
6.896778
6.853827
6.810875
6.774059
6.731108
6.694293
6.657477
6.620661
6.589982
6.553166
6.522487
6.491807
6.467263
6.442719
6.418176
6.393632
6.369088
6.350681
6.332273
6.313865
6.295457
6.283185
6.270914
6.264778
6.252506
6.24637
6.24637
6.24637
6.24637
6.24637
6.24637
6.24637
6.24637
6.24637
6.24637
6.24637
6.258642
6.264778
6.270914
6.283185
6.289321
6.301593
6.313865
6.326137
6.332273
6.344545
6.356817
6.369088
6.387496
6.399768
6.41204
6.424312
6.442719
6.454991
6.467263
6.485671
6.497943
6.516351
6.528623
6.54703
6.565438
6.583846
6.602253
6.620661
6.639069
6.657477
6.682021
6.700428
6.724972
6.749516
6.774059
6.798603
6.823147
6.853827
6.87837
6.90905
6.933593
6.964273
6.994953
7.025632
7.056312
7.086991
7.117671
7.148351
7.185166
7.215846
7.252661
7.283341
7.320157
7.356972
7.393787
7.430603
7.467419
7.504234
7.54105
7.584001
7.620817
7.657632
7.700584
7.737399
7.780351
7.823302
7.866254
7.903069
7.946021
7.988972
8.031923
8.081011
8.117826
8.166914
8.209866
8.252817
8.301905
8.350991
8.393943
8.44303
8.492118
8.535069
8.584157
8.627109
8.682331
8.731419
8.780506
8.829594
8.884817
8.933905
8.982992
9.038215
9.087302
9.13639
9.191613
9.240701
9.289788
9.345011
9.387962
9.443186
9.492273
9.547497
9.596584
9.645672
9.694758
9.743846
9.792933
9.842021
9.891109
9.946332
9.99542
10.04451
10.09359
10.14268
10.19177
10.24086
10.29608
10.34517
10.39425
10.44334
10.49243
10.54152
10.5906
10.63356
10.68264
10.73173
10.78082
10.82377
10.87286
10.91581
10.9649
11.00785
11.0508
11.09988
11.14284
11.18579
11.22874
11.27783
11.32078
11.36373
11.40668
11.44963
11.48645
11.5294
11.56622
11.60303
11.63985
11.67666
11.71348
11.75029
11.78097
11.81165
11.84233
11.87301
11.90369
11.93437
11.95891
11.98959
12.01414
12.03868
12.06322
12.08777
12.10618
12.12458
12.14299
12.1614
12.17367
12.19208
12.20435
12.21662
12.22276
12.23503
12.24117
12.25344
12.25344
12.25957
12.26571
12.26571
12.26571
12.26571
12.26571
12.26571
12.26571
12.26571
12.26571
12.26571
12.26571
12.26571
12.26571
12.26571
12.26571
12.26571
12.26571
12.26571
12.26571
12.26571
12.26571
12.26571
12.26571
12.26571
12.26571
12.26571
12.26571
12.26571
12.26571
12.26571
12.26571
12.26571
12.26571
12.26571
12.26571
12.26571
12.26571
12.26571
12.26571
12.26571
12.26571
12.26571
12.0
12.0
12.0
12.0
12.0
12.0
12.0
12.0
12.0
12.0
12.0
12.0
12.0
24.0
24.0
24.0
24.0
24.0
24.0
24.0
24.0
24.0
24.0
24.0
24.0
24.0
24.0
24.0
24.0
24.0
24.0
24.0
24.0
24.0
24.0
24.0
24.0
24.0
24.0
24.0
24.0
24.0
24.0
24.0
24.0
24.0
24.0
24.0
24.0
24.0
24.0
24.0
24.0
24.0
24.0
24.0
24.0
24.0
24.0
24.0
24.0
24.0
24.0
24.0
24.0
24.0
24.0
24.0
24.0
24.0
24.0
24.0
24.0
24.0
24.0
24.0
24.0
24.0
24.0
24.0
24.0
24.0
24.0
24.0
24.0
24.0
24.0
24.0
24.0
24.0
24.0
24.0
24.0
24.0
24.0
24.0
24.0
24.0
24.0
24.0
24.0
24.0
24.0
24.0
24.0
24.0
24.0
24.0
24.0
24.0
24.0
24.0
24.0
24.0
24.0
24.0
24.0
24.0
24.0
24.0
24.0
24.0
24.0
24.0
24.0
24.0
24.0
24.0
24.0
24.0
24.0
24.0
24.0
24.0
24.0
24.0
24.0
24.0
24.0
24.0
24.0
24.0
24.0
24.0
24.0
24.0
24.0
24.0
24.0
24.0
24.0
24.0
24.0
24.0
24.0
24.0
24.0
24.0
24.0
24.0
24.0
24.0
24.0
24.0
24.0
24.0
24.0
24.0
24.0
24.0
24.0
24.0
24.0
24.0
24.0
24.0
24.0
24.0
24.0
24.0
24.0
24.0
24.0
24.0
24.0
24.0
24.0
24.0
24.0
24.0
24.0
24.0
24.0
24.0
24.0
24.0
24.0
24.0
24.0
24.0
24.0
24.0
24.0
24.0
24.0
24.0
24.0
24.0
24.0
24.0
24.0
24.0
24.0
24.0
24.0
24.0
24.0
24.0
24.0
24.0
24.0
24.0
24.0
24.0
24.0
24.0
24.0
24.0
24.0
24.0
24.0
24.0
24.0
24.0
24.0
24.0
24.0
24.0
24.0
24.0
24.0
24.0
24.0
24.0
24.0
24.0
24.0
24.0
24.0
24.0
24.0
24.0
24.0
24.0
24.0
24.0
24.0
24.0
24.0
24.0
24.0
24.0
24.0
24.0
24.0
24.0
24.0
24.0
24.0
24.0
24.0
24.0
24.0
24.0
24.0
24.0
24.0
24.0
24.0
24.0
24.0
24.0
24.0
24.0
24.0
24.0
24.0
24.0
24.0
24.0
24.0
24.0
24.0
24.0
24.0
24.0
24.0
24.0
24.0
24.0
24.0
24.0
24.0
24.0
24.0
24.0
24.0
24.0
24.0
24.0
24.0
24.0
24.0
24.0
24.0
24.0
24.0
24.0
24.0
24.0
24.0
24.0
24.0
24.0
24.0
24.0
24.0
24.0
24.0
24.0
24.0
24.0
24.0
24.0
24.0
24.0
24.0
24.0
24.0
24.0
24.0
24.0
24.0
24.0
24.0
24.0
24.0
24.0
24.0
24.0
24.0
24.0
24.0
24.0
24.0
24.0
24.0
24.0
24.0
24.0
24.0
24.0
24.0
24.0
24.0
24.0
24.0
24.0
24.0
24.0
24.0
24.0
24.0
24.0
24.0
24.0
24.0
24.0
24.0
24.0
24.0
24.0
24.0
24.0
24.0
24.0
24.0
24.0
24.0
24.0
24.0
24.0
24.0
24.0
24.0
24.0
24.0
24.0
24.0
24.0
24.0
24.0
24.0
24.0
24.0
24.0
24.0
24.0
24.0
24.0
24.0
24.0
24.0
12.0
12.0
12.0
12.0
12.0
12.0
12.0
12.0
12.0
12.0
12.0
12.0
12.0
12.0
12.0
12.0
12.0
12.0
12.0
12.0
12.0
12.0
12.0
12.0
12.0
12.0
12.0
12.0
12.0
12.0
12.0
12.0
12.0
12.0
12.0
12.0
12.0
12.0
12.0
12.0
12.0
12.0
12.0
12.0
12.0
12.0
12.0
12.0
12.0
12.0
12.0
12.0
12.0
12.0
12.0
12.0
12.0
12.0
12.0
12.0
12.0
12.0
12.0
12.0
12.0
12.0
12.0
12.0
12.0
12.0
12.0
12.0
12.0
12.0
12.0
12.0
12.0
12.0
12.0
12.0
12.0
12.0
12.0
12.0
12.0
12.0
12.0
12.0
12.0
12.0
12.0
12.0
12.0
12.0
12.0
12.0
12.0
12.0
12.0
12.0
12.0
12.0
12.0
12.0
12.0
12.0
12.0
12.0
12.0
12.0
12.0
12.0
12.0
12.0
12.0
12.0
12.0
12.0
12.0
12.0
12.0
12.0
12.0
12.0
12.0
12.0
12.0
12.0
12.0
12.0
12.0
12.0
12.0
12.0
12.0
12.0
12.0
12.0
12.0
12.0
12.0
12.0
12.0
12.0
12.0
12.0
12.0
12.0
12.0
12.0
12.0
12.0
12.0
12.0
12.0
12.0
12.0
12.0
12.0
12.0
12.0
12.0
12.0
12.0
12.0
12.0
12.0
12.0
12.0
12.0
12.0
12.0
12.0
12.0
12.0
12.0
12.0
12.0
12.0
12.0
12.0
12.0
12.0
12.0
12.0
12.0
12.0
12.0
12.0
12.0
12.0
12.0
12.0
12.0
12.0
12.0
12.0
12.0
12.0
12.0
12.0
12.0
12.0
12.0
12.0
12.0
12.0
12.0
12.0
12.0
12.0
12.0
12.0
12.0
12.0
12.0
12.0
12.0
12.0
12.0
12.0
12.0
12.0
12.0
12.0
12.0
12.0
12.0
12.0
12.0
12.0
12.0
12.0
12.0
12.0
12.0
12.0
12.0
12.0
12.0
12.0
12.0
12.0
12.0
12.0
12.0
12.0
12.0
12.0
12.0
12.0
12.0
12.0
12.0
12.0
12.0
12.0
12.0
12.0
12.0
12.0
12.0
12.0
12.0
12.0
12.0
12.0
12.0
12.0
12.0
12.0
12.0
12.0
12.0
12.0
12.0
12.0
12.0
12.0
12.0
12.0
12.0
12.0
12.0
12.0
12.0
12.0
12.0
12.0
12.0
12.0
12.0
12.0
12.0
12.0
12.0
12.0
12.0
12.0
12.0
12.0
12.0
12.0
12.0
12.0
12.0
12.0
12.0
12.0
12.0
12.0
12.0
12.0
12.0
12.0
12.0
12.0
12.0
12.0
12.0
12.0
12.0
12.0
12.0
12.0
12.0
12.0
12.0
12.0
12.0
12.0
12.0
12.0
12.0
12.0
12.0
12.0
12.0
12.0
12.0
12.0
12.0
12.0
12.0
12.0
12.0
12.0
12.0
12.0
12.0
12.0
12.0
12.0
12.0
12.0
12.0
12.0
12.0
12.0
12.0
12.0
12.0
12.0
12.0
12.0
12.0
12.0
12.0
12.0
12.0
12.0
12.0
12.0
12.0
12.0
12.0
12.0
12.0
12.0
12.0
12.0
12.0
12.0
12.0
12.0
12.0
12.0
12.0
12.0
12.0
12.0
12.0
12.0
12.0
12.0
12.0
12.0
12.0
12.0
12.0
24.0
24.0
24.0
24.0
24.0
24.0
24.0
24.0
24.0
24.0
24.0
24.0
24.0
24.0
24.0
24.0
24.0
24.0
24.0
24.0
24.0
24.0
24.0
24.0
24.0
24.0
24.0
24.0
24.0
24.0
24.0
24.0
24.0
24.0
24.0
24.0
24.0
24.0
24.0
24.0
24.0
24.0
24.0
24.0
24.0
24.0
24.0
24.0
24.0
24.0
24.0
24.0
24.0
24.0
24.0
24.0
24.0
24.0
24.0
24.0
24.0
24.0
24.0
24.0
24.0
24.0
24.0
24.0
24.0
24.0
24.0
24.0
24.0
24.0
24.0
24.0
24.0
24.0
24.0
24.0
24.0
24.0
24.0
24.0
24.0
24.0
24.0
24.0
24.0
24.0
24.0
24.0
24.0
24.0
24.0
24.0
24.0
24.0
24.0
24.0
24.0
24.0
24.0
24.0
24.0
24.0
24.0
24.0
24.0
24.0
24.0
24.0
24.0
24.0
24.0
24.0
24.0
24.0
24.0
24.0
24.0
24.0
24.0
24.0
24.0
24.0
24.0
24.0
24.0
24.0
24.0
24.0
24.0
24.0
24.0
24.0
24.0
24.0
24.0
24.0
24.0
24.0
24.0
24.0
24.0
24.0
24.0
24.0
24.0
24.0
24.0
24.0
24.0
24.0
24.0
24.0
24.0
24.0
24.0
24.0
24.0
24.0
24.0
24.0
24.0
24.0
24.0
24.0
24.0
24.0
24.0
24.0
24.0
24.0
24.0
24.0
24.0
24.0
24.0
24.0
24.0
24.0
24.0
24.0
24.0
24.0
24.0
24.0
24.0
24.0
24.0
24.0
24.0
24.0
24.0
24.0
24.0
24.0
24.0
24.0
24.0
24.0
24.0
24.0
24.0
24.0
24.0
24.0
24.0
24.0
24.0
24.0
24.0
24.0
24.0
24.0
24.0
24.0
24.0
24.0
24.0
24.0
24.0
24.0
24.0
24.0
24.0
24.0
24.0
24.0
24.0
24.0
24.0
24.0
24.0
24.0
24.0
24.0
24.0
24.0
24.0
24.0
24.0
24.0
24.0
24.0
24.0
24.0
24.0
24.0
24.0
24.0
24.0
24.0
24.0
24.0
24.0
24.0
24.0
24.0
24.0
24.0
24.0
24.0
24.0
24.0
24.0
24.0
24.0
24.0
24.0
24.0
24.0
24.0
24.0
24.0
24.0
24.0
24.0
24.0
24.0
24.0
24.0
24.0
24.0
24.0
24.0
24.0
24.0
24.0
24.0
24.0
24.0
24.0
24.0
24.0
24.0
24.0
24.0
24.0
24.0
24.0
24.0
24.0
24.0
24.0
24.0
24.0
24.0
24.0
24.0
24.0
24.0
24.0
24.0
24.0
24.0
24.0
24.0
24.0
24.0
24.0
24.0
24.0
24.0
24.0
24.0
24.0
24.0
24.0
24.0
24.0
24.0
24.0
24.0
24.0
24.0
24.0
24.0
24.0
24.0
24.0
24.0
24.0
24.0
24.0
24.0
24.0
24.0
24.0
24.0
24.0
24.0
24.0
24.0
24.0
24.0
24.0
24.0
24.0
24.0
24.0
24.0
24.0
24.0
24.0
24.0
24.0
24.0
24.0
24.0
24.0
24.0
24.0
24.0
24.0
24.0
24.0
24.0
24.0
24.0
24.0
24.0
24.0
24.0
24.0
24.0
24.0
24.0
24.0
24.0
24.0
24.0
24.0
24.0
24.0
24.0
24.0
24.0
24.0
12.0
12.0
12.0
12.0
12.0
12.0
12.0
12.0
12.0
12.0
12.0
12.0
12.0
12.0
12.0
12.0
12.0
12.0
12.0
12.0
12.0
12.0
12.0
12.0
12.0
12.0
12.0
12.0
12.0
12.0
12.0
12.0
12.0
12.0
12.0
12.0
12.0
12.0
12.0
12.0
12.0
12.0
12.0
12.0
12.0
12.0
12.0
12.0
12.0
12.0
12.0
12.0
12.0
12.0
12.0
12.0
12.0
12.0
12.0
12.0
12.0
12.0
12.0
12.0
12.0
12.0
12.0
12.0
12.0
12.0
12.0
12.0
12.0
12.0
12.0
12.0
12.0
12.0
12.0
12.0
12.0
12.0
12.0
12.0
12.0
12.0
12.0
12.0
12.0
12.0
12.0
12.0
12.0
12.0
12.0
12.0
12.0
12.0
12.0
12.0
12.0
12.0
12.0
12.0
12.0
12.0
12.0
12.0
12.0
12.0
12.0
12.0
12.0
12.0
12.0
12.0
12.0
12.0
12.0
12.0
12.0
12.0
12.0
12.0
12.0
12.0
12.0
12.0
12.0
12.0
12.0
12.0
12.0
12.0
12.0
12.0
12.0
12.0
12.0
12.0
12.0
12.0
12.0
12.0
12.0
12.0
12.0
12.0
12.0
12.0
12.0
12.0
12.0
12.0
12.0
12.0
12.0
12.0
12.0
12.0
12.0
12.0
12.0
12.0
12.0
12.0
12.0
12.0
12.0
12.0
12.0
12.0
12.0
12.0
12.0
12.0
12.0
12.0
12.0
12.0
12.0
12.0
12.0
12.0
12.0
12.0
12.0
12.0
12.0
12.0
12.0
12.0
12.0
12.0
12.0
12.0
12.0
12.0
12.0
12.0
12.0
12.0
12.0
12.0
12.0
12.0
12.0
12.0
12.0
12.0
12.0
12.0
12.0
12.0
12.0
12.0
12.0
12.0
12.0
12.0
12.0
12.0
12.0
12.0
12.0
12.0
12.0
12.0
12.0
12.0
12.0
12.0
12.0
12.0
12.0
12.0
12.0
12.0
12.0
12.0
12.0
12.0
12.0
12.0
12.0
12.0
12.0
12.0
12.0
12.0
12.0
12.0
12.0
12.0
12.0
12.0
12.0
12.0
12.0
12.0
12.0
12.0
12.0
12.0
12.0
12.0
12.0
12.0
12.0
12.0
12.0
12.0
12.0
12.0
12.0
12.0
12.0
12.0
12.0
12.0
12.0
12.0
12.0
12.0
12.0
12.0
12.0
12.0
12.0
12.0
12.0
12.0
12.0
12.0
12.0
12.0
12.0
12.0
12.0
12.0
12.0
12.0
12.0
12.0
12.0
12.0
12.0
12.0
12.0
12.0
12.0
12.0
12.0
12.0
12.0
12.0
12.0
12.0
12.0
12.0
12.0
12.0
12.0
12.0
12.0
12.0
12.0
12.0
12.0
12.0
12.0
12.0
12.0
12.0
12.0
12.0
12.0
12.0
12.0
12.0
12.0
12.0
12.0
12.0
12.0
12.0
12.0
12.0
12.0
12.0
12.0
12.0
12.0
12.0
12.0
12.0
12.0
12.0
12.0
12.0
12.0
12.0
12.0
12.0
12.0
12.0
12.0
12.0
12.0
12.0
12.0
12.0
12.0
12.0
12.0
12.0
12.0
12.0
12.0
12.0
12.0
12.0
12.0
12.0
12.0
12.0
12.0
12.0
12.0
12.0
12.0
12.0
12.0
12.0
12.0
12.0
12.0
12.0
12.0
12.0
24.0
24.0
24.0
24.0
24.0
24.0
24.0
24.0
24.0
24.0
24.0
24.0
24.0
24.0
24.0
24.0
24.0
24.0
24.0
24.0
24.0
24.0
24.0
24.0
24.0
24.0
24.0
24.0
24.0
24.0
24.0
24.0
24.0
24.0
24.0
24.0
24.0
24.0
24.0
24.0
24.0
24.0
24.0
24.0
24.0
24.0
24.0
24.0
24.0
24.0
24.0
24.0
24.0
24.0
24.0
24.0
24.0
24.0
24.0
24.0
24.0
24.0
24.0
24.0
24.0
24.0
24.0
24.0
24.0
24.0
24.0
24.0
24.0
24.0
24.0
24.0
24.0
24.0
24.0
24.0
24.0
24.0
24.0
24.0
24.0
24.0
24.0
24.0
24.0
24.0
24.0
24.0
24.0
24.0
24.0
24.0
24.0
24.0
24.0
24.0
24.0
24.0
24.0
24.0
24.0
24.0
24.0
24.0
24.0
24.0
24.0
24.0
24.0
24.0
24.0
24.0
24.0
24.0
24.0
24.0
24.0
24.0
24.0
24.0
24.0
24.0
24.0
24.0
24.0
24.0
24.0
24.0
24.0
24.0
24.0
24.0
24.0
24.0
24.0
24.0
24.0
24.0
24.0
24.0
24.0
24.0
24.0
24.0
24.0
24.0
24.0
24.0
24.0
24.0
24.0
24.0
24.0
24.0
24.0
24.0
24.0
24.0
24.0
24.0
24.0
24.0
24.0
24.0
24.0
24.0
24.0
24.0
24.0
24.0
24.0
24.0
24.0
24.0
24.0
24.0
24.0
24.0
24.0
24.0
24.0
24.0
24.0
24.0
24.0
24.0
24.0
24.0
24.0
24.0
24.0
24.0
24.0
24.0
24.0
24.0
24.0
24.0
24.0
24.0
24.0
24.0
24.0
24.0
24.0
24.0
24.0
24.0
24.0
24.0
24.0
24.0
24.0
24.0
24.0
24.0
24.0
24.0
24.0
24.0
24.0
24.0
24.0
24.0
24.0
24.0
24.0
24.0
24.0
24.0
24.0
24.0
24.0
24.0
24.0
24.0
24.0
24.0
24.0
24.0
24.0
24.0
24.0
24.0
24.0
24.0
24.0
24.0
24.0
24.0
24.0
24.0
24.0
24.0
24.0
24.0
24.0
24.0
24.0
24.0
24.0
24.0
24.0
24.0
24.0
24.0
24.0
24.0
24.0
24.0
24.0
24.0
24.0
24.0
24.0
24.0
24.0
24.0
24.0
24.0
24.0
24.0
24.0
24.0
24.0
24.0
24.0
24.0
24.0
24.0
24.0
24.0
24.0
24.0
24.0
24.0
24.0
24.0
24.0
24.0
24.0
24.0
24.0
24.0
24.0
24.0
24.0
24.0
24.0
24.0
24.0
24.0
24.0
24.0
24.0
24.0
24.0
24.0
24.0
24.0
24.0
24.0
24.0
24.0
24.0
24.0
24.0
24.0
24.0
24.0
24.0
24.0
24.0
24.0
24.0
24.0
24.0
24.0
24.0
24.0
24.0
24.0
24.0
24.0
24.0
24.0
24.0
24.0
24.0
24.0
24.0
24.0
24.0
24.0
24.0
24.0
24.0
24.0
24.0
24.0
24.0
24.0
24.0
24.0
24.0
24.0
24.0
24.0
24.0
24.0
24.0
24.0
24.0
24.0
24.0
24.0
24.0
24.0
24.0
24.0
24.0
24.0
24.0
24.0
24.0
24.0
24.0
24.0
24.0
24.0
24.0
24.0
24.0
24.0
24.0
24.0
12.0
12.0
12.0
12.0
12.0
12.0
12.0
12.0
12.0
12.0
12.0
12.0
12.0
12.0
12.0
12.0
12.0
12.0
12.0
12.0
12.0
12.0
12.0
12.0
12.0
12.0
12.0
12.0
12.0
12.0
12.0
12.0
12.0
12.0
12.0
12.0
12.0
12.0
12.0
12.0
12.0
12.0
12.0
12.0
12.0
12.0
12.0
12.0
12.0
12.0
12.0
12.0
12.0
12.0
12.0
12.0
12.0
12.0
12.0
12.0
12.0
12.0
12.0
12.0
12.0
12.0
12.0
12.0
12.0
12.0
12.0
12.0
12.0
12.0
12.0
12.0
12.0
12.0
12.0
12.0
12.0
12.0
12.0
12.0
12.0
12.0
12.0
12.0
12.0
12.0
12.0
12.0
12.0
12.0
12.0
12.0
12.0
12.0
12.0
12.0
12.0
12.0
12.0
12.0
12.0
12.0
12.0
12.0
12.0
12.0
12.0
12.0
12.0
12.0
12.0
12.0
12.0
12.0
12.0
12.0
12.0
12.0
12.0
12.0
12.0
12.0
12.0
12.0
12.0
12.0
12.0
12.0
12.0
12.0
12.0
12.0
12.0
12.0
12.0
12.0
12.0
12.0
12.0
12.0
12.0
12.0
12.0
12.0
12.0
12.0
12.0
12.0
12.0
12.0
12.0
12.0
12.0
12.0
12.0
12.0
12.0
12.0
12.0
12.0
12.0
12.0
12.0
12.0
12.0
12.0
12.0
12.0
12.0
12.0
12.0
12.0
12.0
12.0
12.0
12.0
12.0
12.0
12.0
12.0
12.0
12.0
12.0
12.0
12.0
12.0
12.0
12.0
12.0
12.0
12.0
12.0
12.0
12.0
12.0
12.0
12.0
12.0
12.0
12.0
12.0
12.0
12.0
12.0
12.0
12.0
12.0
12.0
12.0
12.0
12.0
12.0
12.0
12.0
12.0
12.0
12.0
12.0
12.0
12.0
12.0
12.0
12.0
12.0
12.0
12.0
12.0
12.0
12.0
12.0
12.0
12.0
12.0
12.0
12.0
12.0
12.0
12.0
12.0
12.0
12.0
12.0
12.0
12.0
12.0
12.0
12.0
12.0
12.0
12.0
12.0
12.0
12.0
12.0
12.0
12.0
12.0
12.0
12.0
12.0
12.0
12.0
12.0
12.0
12.0
12.0
12.0
12.0
12.0
12.0
12.0
12.0
12.0
12.0
12.0
12.0
12.0
12.0
12.0
12.0
12.0
12.0
12.0
12.0
12.0
12.0
12.0
12.0
12.0
12.0
12.0
12.0
12.0
12.0
12.0
12.0
12.0
12.0
12.0
12.0
12.0
12.0
12.0
12.0
12.0
12.0
12.0
12.0
12.0
12.0
12.0
12.0
12.0
12.0
12.0
12.0
12.0
12.0
12.0
12.0
12.0
12.0
12.0
12.0
12.0
12.0
12.0
12.0
12.0
12.0
12.0
12.0
12.0
12.0
12.0
12.0
12.0
12.0
12.0
12.0
12.0
12.0
12.0
12.0
12.0
12.0
12.0
12.0
12.0
12.0
12.0
12.0
12.0
12.0
12.0
12.0
12.0
12.0
12.0
12.0
12.0
12.0
12.0
12.0
12.0
12.0
12.0
12.0
12.0
12.0
12.0
12.0
12.0
12.0
12.0
12.0
12.0
12.0
12.0
12.0
12.0
12.0
12.0
12.0
12.0
12.0
12.0
12.0
12.0
12.0
12.0
12.0
12.0
12.0
12.0
12.0
24.0
24.0
24.0
24.0
24.0
24.0
24.0
24.0
24.0
24.0
24.0
24.0
24.0
24.0
24.0
24.0
24.0
24.0
24.0
24.0
24.0
24.0
24.0
24.0
24.0
24.0
24.0
24.0
24.0
24.0
24.0
24.0
24.0
24.0
24.0
24.0
24.0
24.0
24.0
24.0
24.0
24.0
24.0
24.0
24.0
24.0
24.0
24.0
24.0
24.0
24.0
24.0
24.0
24.0
24.0
24.0
24.0
24.0
24.0
24.0
24.0
24.0
24.0
24.0
24.0
24.0
24.0
24.0
24.0
24.0
24.0
24.0
24.0
24.0
24.0
24.0
24.0
24.0
24.0
24.0
24.0
24.0
24.0
24.0
24.0
24.0
24.0
24.0
24.0
24.0
24.0
24.0
24.0
24.0
24.0
24.0
24.0
24.0
24.0
24.0
24.0
24.0
24.0
24.0
24.0
24.0
24.0
24.0
24.0
24.0
24.0
24.0
24.0
24.0
24.0
24.0
24.0
24.0
24.0
24.0
24.0
24.0
24.0
24.0
24.0
24.0
24.0
24.0
24.0
24.0
24.0
24.0
24.0
24.0
24.0
24.0
24.0
24.0
24.0
24.0
24.0
24.0
24.0
24.0
24.0
24.0
24.0
24.0
24.0
24.0
24.0
24.0
24.0
24.0
24.0
24.0
24.0
24.0
24.0
24.0
24.0
24.0
24.0
24.0
24.0
24.0
24.0
24.0
24.0
24.0
24.0
24.0
24.0
24.0
24.0
24.0
24.0
24.0
24.0
24.0
24.0
24.0
24.0
24.0
24.0
24.0
24.0
24.0
24.0
24.0
24.0
24.0
24.0
24.0
24.0
24.0
24.0
24.0
24.0
24.0
24.0
24.0
24.0
24.0
24.0
24.0
24.0
24.0
24.0
24.0
24.0
24.0
24.0
24.0
24.0
24.0
24.0
24.0
24.0
24.0
24.0
24.0
24.0
24.0
24.0
24.0
24.0
24.0
24.0
24.0
24.0
24.0
24.0
24.0
24.0
24.0
24.0
24.0
24.0
24.0
24.0
24.0
24.0
24.0
24.0
24.0
24.0
24.0
24.0
24.0
24.0
24.0
24.0
24.0
24.0
24.0
24.0
24.0
24.0
24.0
24.0
24.0
24.0
24.0
24.0
24.0
24.0
24.0
24.0
24.0
24.0
24.0
24.0
24.0
24.0
24.0
24.0
24.0
24.0
24.0
24.0
24.0
24.0
24.0
24.0
24.0
24.0
24.0
24.0
24.0
24.0
24.0
24.0
24.0
24.0
24.0
24.0
24.0
24.0
24.0
24.0
24.0
24.0
24.0
24.0
24.0
24.0
24.0
24.0
24.0
24.0
24.0
24.0
24.0
24.0
24.0
24.0
24.0
24.0
24.0
24.0
24.0
24.0
24.0
24.0
24.0
24.0
24.0
24.0
24.0
24.0
24.0
24.0
24.0
24.0
24.0
24.0
24.0
24.0
24.0
24.0
24.0
24.0
24.0
24.0
24.0
24.0
24.0
24.0
24.0
24.0
24.0
24.0
24.0
24.0
24.0
24.0
24.0
24.0
24.0
24.0
24.0
24.0
24.0
24.0
24.0
24.0
24.0
24.0
24.0
24.0
24.0
24.0
24.0
24.0
24.0
24.0
24.0
24.0
24.0
24.0
24.0
24.0
24.0
24.0
24.0
24.0
24.0
24.0
24.0
24.0
24.0
24.0
24.0
24.0
24.0
24.0
24.0
24.0
24.0
12.0
12.0
12.0
12.0
12.0
12.0
12.0
12.0
12.0
12.0
12.0
12.0
12.0
12.0
12.0
12.0
12.0
12.0
12.0
12.0
12.0
12.0
12.0
12.0
12.0
12.0
12.0
12.0
12.0
12.0
12.0
12.0
12.0
12.0
12.0
12.0
12.0
12.0
12.0
12.0
12.0
12.0
12.0
12.0
12.0
12.0
12.0
12.0
12.0
12.0
12.0
12.0
12.0
12.0
12.0
12.0
12.0
12.0
12.0
12.0
12.0
12.0
12.0
12.0
12.0
12.0
12.0
12.0
12.0
12.0
12.0
12.0
12.0
12.0
12.0
12.0
12.0
12.0
12.0
12.0
12.0
12.0
12.0
12.0
12.0
12.0
12.0
12.0
12.0
12.0
12.0
12.0
12.0
12.0
12.0
12.0
12.0
12.0
12.0
12.0
12.0
12.0
12.0
12.0
12.0
12.0
12.0
12.0
12.0
12.0
12.0
12.0
12.0
12.0
12.0
12.0
12.0
12.0
12.0
12.0
12.0
12.0
12.0
12.0
12.0
12.0
12.0
12.0
12.0
12.0
12.0
12.0
12.0
12.0
12.0
12.0
12.0
12.0
12.0
12.0
12.0
12.0
12.0
12.0
12.0
12.0
12.0
12.0
12.0
12.0
12.0
12.0
12.0
12.0
12.0
12.0
12.0
12.0
12.0
12.0
12.0
12.0
12.0
12.0
12.0
12.0
12.0
12.0
12.0
12.0
12.0
12.0
12.0
12.0
12.0
12.0
12.0
12.0
12.0
12.0
12.0
12.0
12.0
12.0
12.0
12.0
12.0
12.0
12.0
12.0
12.0
12.0
12.0
12.0
12.0
12.0
12.0
12.0
12.0
12.0
12.0
12.0
12.0
12.0
12.0
12.0
12.0
12.0
12.0
12.0
12.0
12.0
12.0
12.0
12.0
12.0
12.0
12.0
12.0
12.0
12.0
12.0
12.0
12.0
12.0
12.0
12.0
12.0
12.0
12.0
12.0
12.0
12.0
12.0
12.0
12.0
12.0
12.0
12.0
12.0
12.0
12.0
12.0
12.0
12.0
12.0
12.0
12.0
12.0
12.0
12.0
12.0
12.0
12.0
12.0
12.0
12.0
12.0
12.0
12.0
12.0
12.0
12.0
12.0
12.0
12.0
12.0
12.0
12.0
12.0
12.0
12.0
12.0
12.0
12.0
12.0
12.0
12.0
12.0
12.0
12.0
12.0
12.0
12.0
12.0
12.0
12.0
12.0
12.0
12.0
12.0
12.0
12.0
12.0
12.0
12.0
12.0
12.0
12.0
12.0
12.0
12.0
12.0
12.0
12.0
12.0
12.0
12.0
12.0
12.0
12.0
12.0
12.0
12.0
12.0
12.0
12.0
12.0
12.0
12.0
12.0
12.0
12.0
12.0
12.0
12.0
12.0
12.0
12.0
12.0
12.0
12.0
12.0
12.0
12.0
12.0
12.0
12.0
12.0
12.0
12.0
12.0
12.0
12.0
12.0
12.0
12.0
12.0
12.0
12.0
12.0
12.0
12.0
12.0
12.0
12.0
12.0
12.0
12.0
12.0
12.0
12.0
12.0
12.0
12.0
12.0
12.0
12.0
12.0
12.0
12.0
12.0
12.0
12.0
12.0
12.0
12.0
12.0
12.0
12.0
12.0
12.0
12.0
12.0
12.0
12.0
12.0
12.0
12.0
12.0
12.0
12.0
12.0
12.0
12.0
12.0
12.0
12.0
12.0
12.0
24.0
24.0
24.0
24.0
24.0
24.0
24.0
24.0
24.0
24.0
24.0
24.0
24.0
24.0
24.0
24.0
24.0
24.0
24.0
24.0
24.0
24.0
24.0
24.0
24.0
24.0
24.0
24.0
24.0
24.0
24.0
24.0
24.0
24.0
24.0
24.0
24.0
24.0
24.0
24.0
24.0
24.0
24.0
24.0
24.0
24.0
24.0
24.0
24.0
24.0
24.0
24.0
24.0
24.0
24.0
24.0
24.0
24.0
24.0
24.0
24.0
24.0
24.0
24.0
24.0
24.0
24.0
24.0
24.0
24.0
24.0
24.0
24.0
24.0
24.0
24.0
24.0
24.0
24.0
24.0
24.0
24.0
24.0
24.0
24.0
24.0
24.0
24.0
24.0
24.0
24.0
24.0
24.0
24.0
24.0
24.0
24.0
24.0
24.0
24.0
24.0
24.0
24.0
24.0
24.0
24.0
24.0
24.0
24.0
24.0
24.0
24.0
24.0
24.0
24.0
24.0
24.0
24.0
24.0
24.0
24.0
24.0
24.0
24.0
24.0
24.0
24.0
24.0
24.0
24.0
24.0
24.0
24.0
24.0
24.0
24.0
24.0
24.0
24.0
24.0
24.0
24.0
24.0
24.0
24.0
24.0
24.0
24.0
24.0
24.0
24.0
24.0
24.0
24.0
24.0
24.0
24.0
24.0
24.0
24.0
24.0
24.0
24.0
24.0
24.0
24.0
24.0
24.0
24.0
24.0
24.0
24.0
24.0
24.0
24.0
24.0
24.0
24.0
24.0
24.0
24.0
24.0
24.0
24.0
24.0
24.0
24.0
24.0
24.0
24.0
24.0
24.0
24.0
24.0
24.0
24.0
24.0
24.0
24.0
24.0
24.0
24.0
24.0
24.0
24.0
24.0
24.0
24.0
24.0
24.0
24.0
24.0
24.0
24.0
24.0
24.0
24.0
24.0
24.0
24.0
24.0
24.0
24.0
24.0
24.0
24.0
24.0
24.0
24.0
24.0
24.0
24.0
24.0
24.0
24.0
24.0
24.0
24.0
24.0
24.0
24.0
24.0
24.0
24.0
24.0
24.0
24.0
24.0
24.0
24.0
24.0
24.0
24.0
24.0
24.0
24.0
24.0
24.0
24.0
24.0
24.0
24.0
24.0
24.0
24.0
24.0
24.0
24.0
24.0
24.0
24.0
24.0
24.0
24.0
24.0
24.0
24.0
24.0
24.0
24.0
24.0
24.0
24.0
24.0
24.0
24.0
24.0
24.0
24.0
24.0
24.0
24.0
24.0
24.0
24.0
24.0
24.0
24.0
24.0
24.0
24.0
24.0
24.0
24.0
24.0
24.0
24.0
24.0
24.0
24.0
24.0
24.0
24.0
24.0
24.0
24.0
24.0
24.0
24.0
24.0
24.0
24.0
24.0
24.0
24.0
24.0
24.0
24.0
24.0
24.0
24.0
24.0
24.0
24.0
24.0
24.0
24.0
24.0
24.0
24.0
24.0
24.0
24.0
24.0
24.0
24.0
24.0
24.0
24.0
24.0
24.0
24.0
24.0
24.0
24.0
24.0
24.0
24.0
24.0
24.0
24.0
24.0
24.0
24.0
24.0
24.0
24.0
24.0
24.0
24.0
24.0
24.0
24.0
24.0
24.0
24.0
24.0
24.0
24.0
24.0
24.0
24.0
24.0
24.0
24.0
24.0
24.0
24.0
24.0
24.0
24.0
24.0
24.0
24.0
24.0
24.0
24.0
24.0
24.0
24.0
12.0
12.0
12.0
12.0
12.0
12.0
12.0
12.0
12.0
12.0
12.0
12.0
12.0
12.0
12.0
12.0
12.0
12.0
12.0
12.0
12.0
12.0
12.0
12.0
12.0
12.0
12.0
12.0
12.0
12.0
12.0
12.0
12.0
12.0
12.0
12.0
12.0
12.0
12.0
12.0
12.0
12.0
12.0
12.0
12.0
12.0
12.0
12.0
12.0
12.0
12.0
12.0
12.0
12.0
12.0
12.0
12.0
12.0
12.0
12.0
12.0
12.0
12.0
12.0
12.0
12.0
12.0
12.0
12.0
12.0
12.0
12.0
12.0
12.0
12.0
12.0
12.0
12.0
12.0
12.0
12.0
12.0
12.0
12.0
12.0
12.0
12.0
12.0
12.0
12.0
12.0
12.0
12.0
12.0
12.0
12.0
12.0
12.0
12.0
12.0
12.0
12.0
12.0
12.0
12.0
12.0
12.0
12.0
12.0
12.0
12.0
12.0
12.0
12.0
12.0
12.0
12.0
12.0
12.0
12.0
12.0
12.0
12.0
12.0
12.0
12.0
12.0
12.0
12.0
12.0
12.0
12.0
12.0
12.0
12.0
12.0
12.0
12.0
12.0
12.0
12.0
12.0
12.0
12.0
12.0
12.0
12.0
12.0
12.0
12.0
12.0
12.0
12.0
12.0
12.0
12.0
12.0
12.0
12.0
12.0
12.0
12.0
12.0
12.0
12.0
12.0
12.0
12.0
12.0
12.0
12.0
12.0
12.0
12.0
12.0
12.0
12.0
12.0
12.0
12.0
12.0
12.0
12.0
12.0
12.0
12.0
12.0
12.0
12.0
12.0
12.0
12.0
12.0
12.0
12.0
12.0
12.0
12.0
12.0
12.0
12.0
12.0
12.0
12.0
12.0
12.0
12.0
12.0
12.0
12.0
12.0
12.0
12.0
12.0
12.0
12.0
12.0
12.0
12.0
12.0
12.0
12.0
12.0
12.0
12.0
12.0
12.0
12.0
12.0
12.0
12.0
12.0
12.0
12.0
12.0
12.0
12.0
12.0
12.0
12.0
12.0
12.0
12.0
12.0
12.0
12.0
12.0
12.0
12.0
12.0
12.0
12.0
12.0
12.0
12.0
12.0
12.0
12.0
12.0
12.0
12.0
12.0
12.0
12.0
12.0
12.0
12.0
12.0
12.0
12.0
12.0
12.0
12.0
12.0
12.0
12.0
12.0
12.0
12.0
12.0
12.0
12.0
12.0
12.0
12.0
12.0
12.0
12.0
12.0
12.0
12.0
12.0
12.0
12.0
12.0
12.0
12.0
12.0
12.0
12.0
12.0
12.0
12.0
12.0
12.0
12.0
12.0
12.0
12.0
12.0
12.0
12.0
12.0
12.0
12.0
12.0
12.0
12.0
12.0
12.0
12.0
12.0
12.0
12.0
12.0
12.0
12.0
12.0
12.0
12.0
12.0
12.0
12.0
12.0
12.0
12.0
12.0
12.0
12.0
12.0
12.0
12.0
12.0
12.0
12.0
12.0
12.0
12.0
12.0
12.0
12.0
12.0
12.0
12.0
12.0
12.0
12.0
12.0
12.0
12.0
12.0
12.0
12.0
12.0
12.0
12.0
12.0
12.0
12.0
12.0
12.0
12.0
12.0
12.0
12.0
12.0
12.0
12.0
12.0
12.0
12.0
12.0
12.0
12.0
12.0
12.0
12.0
50.0
0.4919206
0.4887112
0.4855019
0.4900239
0.5023384
0.5147757
0.5196044
0.5322258
0.5372387
0.5500441
0.555241
0.5604993
0.5658188
15.6912
15.80891
15.93435
16.04439
16.16211
16.27982
16.37433
16.46094
16.53956
16.61788
16.68816
16.75034
16.81209
16.86568
16.91105
16.95587
16.98467
17.02053
17.04804
17.06715
17.07779
17.08763
17.09667
17.08945
17.08132
17.07226
17.05455
17.03586
17.00073
16.97222
16.93494
16.88882
16.84153
16.78535
16.72794
16.66158
16.59392
16.52498
16.43929
16.35991
16.27145
16.17385
16.07478
15.96651
15.8567
15.74536
15.62475
15.49481
15.37095
15.23004
15.0874
14.94305
14.78924
14.62593
14.4685
14.30157
14.12506
13.95439
13.77414
13.59198
13.4002
13.21418
13.03399
12.82877
12.62926
12.42005
12.21654
12.01107
11.80364
11.58652
11.36736
11.14619
10.92299
10.69776
10.46278
10.22571
9.994287
9.745377
9.502052
9.279832
9.001591
8.751945
8.492481
8.230869
7.967111
7.701203
7.433148
7.162948
6.890597
6.623831
6.370443
6.115089
5.873234
5.63727
5.40726
5.183261
4.957605
4.745755
4.540104
4.332979
4.139844
3.945359
3.757255
3.575594
3.392708
3.216324
3.046505
2.875582
2.711286
2.553678
2.387359
2.235457
2.082635
1.936624
1.789754
1.642025
1.501167
1.359515
1.224794
1.089336
0.9608741
0.8317366
0.7019243
0.5791683
0.4480677
0.3240232
0.2070966
0.08188629
0.03620386
0.1471176
0.2662535
0.3782101
0.4906578
0.6035962
0.7092943
0.8154221
0.921979
1.028965
1.136382
1.236496
1.336978
1.430098
1.531256
1.62505
1.719149
1.805825
1.900478
1.987707
2.075181
2.15517
2.243074
2.323492
2.404094
2.477149
2.550326
2.623627
2.69705
2.762864
2.82874
2.886946
2.952883
3.01115
3.061687
3.119893
3.178099
3.236305
3.294511
3.352716
3.403191
3.445873
3.496164
3.538661
3.581037
3.63102
3.673211
3.71528
3.757225
3.791317
3.832956
3.874472
3.908134
3.949343
3.982698
4.023601
4.05665
4.089514
4.122194
4.154691
4.187005
4.211402
4.243285
4.267252
4.290974
4.31445
4.337681
4.352936
4.375614
4.390316
4.412443
4.426593
4.440436
4.453972
4.459471
4.472332
4.484886
4.489403
4.501282
4.505124
4.508597
4.511702
4.506708
4.509018
4.510957
4.504797
4.505939
4.498981
4.491593
4.483777
4.475531
4.466855
4.457749
4.448215
4.43825
4.427856
4.409301
4.390256
4.370722
4.350695
4.337908
4.31696
4.28779
4.265799
4.243318
4.220345
4.18915
4.165134
4.132896
4.100107
4.074496
4.040662
4.006279
3.979073
3.943645
3.907664
3.871131
3.834046
3.796408
3.758219
3.727208
3.687975
3.64819
3.615584
3.574758
3.533378
3.499177
3.456753
3.413778
3.377981
3.333962
3.297122
3.25206
3.206446
3.168011
3.121354
3.081876
3.034178
2.985925
2.944852
2.895556
2.853439
2.803101
2.752209
2.708498
2.664295
2.61187
2.566624
2.520887
2.474659
2.427943
2.380733
2.333033
2.284842
2.23616
2.194718
2.145116
2.095022
2.052169
2.001156
1.949651
1.905387
1.852962
1.807777
1.762163
1.716122
1.669649
1.622746
1.583145
1.535445
1.495046
1.45428
1.413145
1.379373
1.337563
1.295385
1.260571
1.225449
1.190021
1.154285
1.125975
1.089687
1.060824
1.031716
1.002362
0.972765
0.9429203
0.9205614
0.8902872
0.8674989
0.8522577
0.8291625
0.8136145
0.7902126
0.7820891
0.766173
0.7578654
0.7417653
0.7332736
0.7324519
0.7238989
0.7230159
0.7144015
0.7134571
0.720244
0.7193609
0.7184779
0.7175949
0.7167118
0.7158288
0.7149457
0.7140627
0.7131796
0.7122966
0.7114136
0.7105305
0.7096475
0.7087644
0.7078814
0.7069983
0.7061153
0.7129635
0.7121418
0.7113201
0.7182297
0.7174694
0.7167091
0.7159488
0.7151884
0.7221594
0.7214604
0.7207614
0.7200624
0.7193635
0.7186645
0.7179655
0.7172665
0.7165675
0.7158685
0.7151695
0.7144706
0.7137716
0.7130726
0.7123736
0.7116746
0.7109756
0.7102767
0.7095777
0.7088787
0.7081797
0.7074807
0.7067817
0.7060828
0.7053838
0.7046848
0.7039858
0.7032868
0.7025878
0.7018889
0.7011899
0.7004909
0.6997919
0.6990929
0.6983939
0.697695
0.696996
0.696297
0.695598
0.694899
0.6942
0.6935011
0.6928021
15.8121
15.9314
16.0507
16.17001
16.28931
16.40088
16.49692
16.57732
16.66515
16.74499
16.8168
16.88051
16.94379
16.99891
17.04581
17.09215
17.13021
17.15993
17.18897
17.20961
17.22951
17.23321
17.24378
17.23809
17.23921
17.22402
17.20784
17.18294
17.15701
17.13003
17.08654
17.04962
16.99614
16.94915
16.89327
16.82843
16.76231
16.68716
16.61067
16.53282
16.43816
16.34976
16.25222
16.1532
16.04498
15.93523
15.82394
15.69566
15.57345
15.44192
15.30099
15.15835
15.00626
14.84466
14.69668
14.54698
14.35691
14.18801
14.00953
13.82142
13.63135
13.43931
13.24532
13.04935
12.84369
12.63601
12.42631
12.21457
12.00082
11.78504
11.56723
11.3474
11.12554
10.89393
10.66023
10.43217
10.19437
9.95447
9.712487
9.468419
9.222263
8.966292
8.715904
8.455698
8.193344
7.928844
7.662195
7.393399
7.114723
6.849302
6.589526
6.327724
6.079362
5.829095
5.592391
5.369368
5.14469
4.926085
4.721348
4.515138
4.315187
4.137019
3.934429
3.753622
3.571588
3.403788
3.234886
3.064878
2.909227
2.752596
2.594983
2.444119
2.307796
2.155216
2.017176
1.886069
1.746495
1.613855
1.488211
1.36189
1.234896
1.114957
0.9944048
0.88097
0.7592521
0.6446514
0.5294986
0.413794
0.3052678
0.1962509
0.08674383
0.01552296
0.1259513
0.2214079
0.3326945
0.4290099
0.5334249
0.630538
0.7280188
0.8258681
0.9240856
1.01494
1.106102
1.197569
1.289344
1.373694
1.45829
1.543131
1.628218
1.705819
1.783603
1.861573
1.939725
2.010331
2.08106
2.151911
2.222885
2.286251
2.349678
2.405435
2.468923
2.524741
2.572828
2.628585
2.684342
2.740099
2.795856
2.851613
2.90737
2.955396
3.00336
3.051263
3.099104
3.146885
3.186873
3.234468
3.282003
3.321745
3.369096
3.408653
3.455821
3.495194
3.534446
3.573575
3.612581
3.651464
3.690224
3.728862
3.767376
3.805768
3.836307
3.874392
3.904624
3.942402
3.972327
4.009799
4.039417
4.068851
4.0981
4.127166
4.156047
4.184745
4.205527
4.233795
4.254148
4.274255
4.301847
4.321525
4.340958
4.360144
4.379086
4.39005
4.40844
4.418852
4.436689
4.446548
4.456102
4.465349
4.474289
4.482922
4.491248
4.491536
4.499187
4.4988
4.505776
4.504715
4.511016
4.50928
4.507174
4.504702
4.50186
4.498651
4.495074
4.483397
4.479021
4.466547
4.461374
4.448102
4.442132
4.428061
4.421293
4.406425
4.391129
4.375401
4.359245
4.342659
4.317914
4.300408
4.282473
4.256376
4.237519
4.210503
4.190726
4.162789
4.142093
4.113235
4.083887
4.054048
4.023717
3.992896
3.961584
3.922051
3.889696
3.85685
3.823513
3.789685
3.755367
3.720558
3.685258
3.649467
3.613184
3.576411
3.539148
3.501393
3.463148
3.424412
3.385185
3.345466
3.305257
3.264557
3.223366
3.181686
3.139513
3.096849
3.053695
3.01005
2.965914
2.921287
2.87617
2.830561
2.792193
2.745664
2.698644
2.651133
2.610863
2.562433
2.521242
2.47189
2.429779
2.379507
2.336475
2.285283
2.241331
2.19695
2.152139
2.099168
2.053436
2.007275
1.960685
1.913665
1.866215
1.818338
1.77776
1.729084
1.687709
1.645966
1.596123
1.553582
1.510673
1.475129
1.431545
1.395324
1.358797
1.321962
1.284821
1.247373
1.209619
1.179289
1.140982
1.110099
1.078971
1.047599
1.023712
0.9919089
0.9675919
0.9430908
0.926137
0.9013292
0.8840685
0.8666852
0.849179
0.8315502
0.8137987
0.8036557
0.7934514
0.7831857
0.7728587
0.7624704
0.7597519
0.7493021
0.7465223
0.7437425
0.7409626
0.7459141
0.7431957
0.7404772
0.7377588
0.7350403
0.7323219
0.7296034
0.726885
0.7241665
0.7214481
0.7187296
0.7160112
0.7132927
0.7105743
0.7078558
0.7051374
0.7024189
0.6997005
0.696982
0.6942636
0.6915451
0.6888267
0.6861082
0.6833898
0.6806713
0.6779529
0.6752344
0.672516
0.6697975
0.6670791
0.6643606
0.6616422
0.6589237
0.6562053
0.6534868
0.6507684
0.64805
0.6453315
0.6426131
0.6398946
0.6371762
0.6344577
0.6317393
0.6290208
0.6263024
0.6235839
0.6208655
15.73815
15.85543
15.97271
16.08999
16.19181
16.29351
16.37962
16.46548
16.5511
16.62102
16.69056
16.752
16.80529
16.85808
16.90265
16.94667
16.98241
17.0098
17.03651
17.05482
17.06466
17.07371
17.07422
17.06614
17.05715
17.04723
17.02867
17.00138
16.97306
16.93596
16.89776
16.85072
16.80252
16.74541
16.68709
16.6198
16.55122
16.47363
16.39468
16.30666
16.21722
16.11864
16.01859
15.91706
15.7986
15.68628
15.56469
15.43377
15.3012
15.15924
15.01556
14.87016
14.71531
14.55095
14.39249
14.22451
14.05469
13.8753
13.69401
13.51081
13.32572
13.13099
12.94202
12.74343
12.54287
12.34035
12.12813
11.92162
11.71314
11.5027
11.28257
11.06042
10.83623
10.61002
10.37406
10.13601
9.903606
9.653715
9.409407
9.163012
8.906801
8.64844
8.395664
8.13307
7.86833
7.60144
7.332404
7.068953
6.803413
6.543519
6.297065
6.048706
5.821639
5.592854
5.362353
5.145595
4.934972
4.730546
4.532382
4.340535
4.147338
3.960523
3.78015
3.606282
3.43125
3.262781
3.100939
2.938054
2.781857
2.63241
2.482044
2.330756
2.186279
2.040943
1.902479
1.770948
1.63095
1.505617
1.379609
1.252928
1.12557
1.005269
0.8843532
0.7705555
0.6562057
0.5413036
0.4258494
0.317574
0.2088079
0.0995512
0.002465248
0.1049089
0.2077847
0.3110895
0.4070926
0.5034642
0.600204
0.6895804
0.7869949
0.8770466
0.9674048
1.05807
1.14131
1.224796
1.308527
1.392504
1.468995
1.54567
1.622529
1.699572
1.769068
1.846418
1.90849
1.978354
2.040609
2.110658
2.165366
2.227806
2.282576
2.337346
2.392116
2.439155
2.493863
2.548572
2.60328
2.657989
2.712697
2.767406
2.814383
2.861298
2.900421
2.947153
2.993824
3.040432
3.08698
3.133466
3.17216
3.218462
3.256972
3.30309
3.341415
3.379618
3.417698
3.455655
3.49349
3.52347
3.560998
3.598403
3.627954
3.665052
3.694297
3.723357
3.759964
3.788717
3.817286
3.845672
3.873873
3.90189
3.929723
3.949641
3.977044
4.004263
4.023567
4.050357
4.069232
4.087861
4.106244
4.124382
4.134546
4.152133
4.161742
4.178775
4.187832
4.196583
4.205026
4.213162
4.213261
4.220723
4.220147
4.219202
4.22562
4.224001
4.222013
4.211926
4.209141
4.205987
4.194735
4.190784
4.178735
4.166255
4.153346
4.140006
4.126237
4.11204
4.097412
4.074623
4.059075
4.035366
4.011167
3.994207
3.969087
3.943476
3.917374
3.890784
3.8637
3.843857
3.815853
3.787358
3.758372
3.736627
3.706721
3.676324
3.653167
3.62185
3.597773
3.565535
3.532806
3.50732
3.473671
3.447263
3.412693
3.385364
3.349874
3.321625
3.285214
3.256045
3.218714
3.180892
3.150311
3.11157
3.080068
3.040406
3.000255
2.967342
2.926269
2.884704
2.85038
2.807896
2.76492
2.729185
2.685289
2.648633
2.611548
2.566302
2.528296
2.489861
2.450996
2.411705
2.371981
2.331828
2.291245
2.250233
2.216523
2.174713
2.132474
2.089805
2.054438
2.010971
1.974807
1.930542
1.89358
1.848518
1.810758
1.772632
1.734136
1.695271
1.656038
1.624169
1.584261
1.551717
1.518865
1.485707
1.459973
1.426263
1.399977
1.365715
1.338876
1.319524
1.292257
1.264743
1.244716
1.216774
1.196317
1.175676
1.154851
1.133842
1.12038
1.099065
1.085296
1.071405
1.057391
1.043254
1.028997
1.014615
1.007841
0.9932752
0.9863176
0.9792986
0.9799495
0.9728692
0.9734587
0.966317
0.9668452
0.9751047
0.9756942
0.9762838
0.9768733
0.9774629
0.9780524
0.978642
0.9792315
0.9798211
0.9804106
0.9810002
0.9815897
0.9821793
0.9827688
0.9833584
0.9839479
0.9845375
0.9928584
0.9935093
0.9941602
1.002542
1.003255
1.003967
1.004679
1.013123
1.013896
1.01467
1.015444
1.016217
1.016991
1.017765
1.018538
1.019312
1.020086
1.020859
1.021633
1.022407
1.02318
1.023954
1.024728
1.025501
1.026275
1.027049
1.027822
1.028596
1.02937
1.030143
1.030917
1.031691
1.032465
1.033238
1.034012
1.034786
1.035559
1.036333
1.037107
1.03788
16.15865
16.27943
16.4002
16.52098
16.64175
16.74706
16.84452
16.93406
17.00789
17.08909
17.15452
17.21951
17.27635
17.32497
17.37303
17.41281
17.44424
17.46727
17.48956
17.51112
17.52421
17.52877
17.53247
17.52758
17.51403
17.49951
17.48401
17.45979
17.43453
17.40049
17.35762
17.31358
17.26838
17.21428
17.15122
17.08687
17.02124
16.94658
16.87058
16.78549
16.69899
16.60335
16.50624
16.39992
16.29207
16.18269
16.06403
15.94379
15.81422
15.68299
15.54237
15.39231
15.24046
15.08684
14.93143
14.76652
14.59203
14.41564
14.22962
14.04163
13.85941
13.65983
13.46596
13.26238
13.05679
12.84917
12.63952
12.42785
12.21415
11.9907
11.78063
11.55313
11.32354
11.0996
10.8659
10.63784
10.40003
10.16014
9.918155
9.674088
9.4202
9.171899
8.913779
8.645781
8.383305
8.118681
7.851909
7.575259
7.296399
7.023063
6.763041
6.500995
6.252386
6.001874
5.764924
5.533925
5.30894
5.090028
4.884985
4.678468
4.478211
4.284273
4.096716
3.915603
3.740993
3.565218
3.396008
3.233424
3.069797
2.91286
2.75494
2.6115
2.467202
2.322044
2.183759
2.044676
1.912528
1.787373
1.661544
1.53504
1.415593
1.2878
1.174795
1.053506
0.9393353
0.8323431
0.7171292
0.6090941
0.5005679
0.391551
0.2897754
0.1875691
0.08493423
0.01813126
0.1216249
0.2178178
0.3143787
0.4113078
0.5086045
0.5985384
0.6887794
0.7793269
0.8701816
0.9613428
1.045079
1.129061
1.213289
1.297762
1.374749
1.459652
1.537069
1.606938
1.684661
1.754838
1.825137
1.895558
1.958371
2.028977
2.091975
2.155033
2.210422
2.265811
2.3212
2.376589
2.431978
2.487367
2.542756
2.598145
2.653533
2.708922
2.75658
2.804176
2.851711
2.899184
2.946597
2.993947
3.041237
3.088464
3.135631
3.182736
3.222049
3.26897
3.31583
3.354897
3.401573
3.440456
3.486948
3.525646
3.564223
3.602676
3.641007
3.679215
3.717301
3.755263
3.793103
3.830821
3.860684
3.898095
3.927651
3.964755
3.994004
4.030801
4.059744
4.088503
4.117078
4.145468
4.173676
4.201698
4.221805
4.249398
4.269075
4.296239
4.315487
4.334489
4.353247
4.371759
4.390025
4.408046
4.425821
4.43562
4.445112
4.462029
4.470969
4.479602
4.487928
4.495947
4.50366
4.503335
4.510372
4.509372
4.515734
4.514059
4.519747
4.517396
4.514678
4.511591
4.508137
4.504314
4.500123
4.495564
4.482905
4.477548
4.471823
4.457999
4.443745
4.436792
4.421741
4.406259
4.390348
4.374008
4.357238
4.34004
4.322411
4.304353
4.278133
4.259154
4.232014
4.212116
4.184057
4.155506
4.134195
4.104724
4.074762
4.044309
4.013365
3.981931
3.950006
3.909858
3.884621
3.843491
3.809541
3.775099
3.732437
3.696952
3.660977
3.624511
3.587554
3.550106
3.512167
3.473738
3.434818
3.395406
3.355504
3.315111
3.274227
3.232852
3.190987
3.14863
3.105783
3.062444
3.018615
2.974295
2.921752
2.884121
2.830597
2.784252
2.737417
2.69009
2.650003
2.601756
2.553019
2.50379
2.461802
2.411653
2.368743
2.317674
2.273844
2.221856
2.177106
2.131927
2.078587
2.032487
1.985958
1.938999
1.88388
1.836002
1.795425
1.746748
1.697642
1.655837
1.605934
1.563331
1.520361
1.477024
1.441049
1.397035
1.360385
1.323428
1.278433
1.248532
1.210655
1.172471
1.13398
1.102913
1.071602
1.040045
1.008242
0.9839252
0.9594241
0.934739
0.9098698
0.8925477
0.8673717
0.8497429
0.8319913
0.8141171
0.8038514
0.7857931
0.7753433
0.7648321
0.7542597
0.7436259
0.740662
0.7376981
0.7347342
0.7317703
0.7288064
0.7258425
0.7228786
0.7199147
0.7169508
0.7139869
0.711023
0.7080591
0.7050952
0.7021313
0.6991674
0.6962035
0.6932396
0.6902757
0.6950431
0.6921406
0.6892381
0.6863356
0.6834331
0.6805305
0.677628
0.6747255
0.671823
0.6689205
0.666018
0.6631155
0.660213
0.6573105
0.654408
0.6515055
0.648603
0.6457005
0.6427979
0.6398954
0.6369929
0.6340903
0.6311877
0.6282852
0.6253826
0.62248
0.6195775
0.6166749
0.6137723
0.6108698
15.72797
15.84507
15.96216
16.07926
16.18089
16.27468
16.36827
16.45395
16.53166
16.60133
16.67062
16.73182
16.79259
16.83747
16.8818
16.92557
16.95333
16.98041
17.00682
17.02482
17.03436
17.04309
17.0433
17.04265
17.03341
17.01552
16.99664
16.97678
16.94049
16.91081
16.86463
16.82502
16.76884
16.71916
16.65285
16.59299
16.51644
16.43854
16.35928
16.27095
16.18121
16.08232
15.98196
15.8724
15.7613
15.64867
15.52677
15.39555
15.26267
15.1204
14.97641
14.83071
14.67555
14.51862
14.35218
14.18389
14.01377
13.83407
13.65247
13.46897
13.28357
13.08853
12.89926
12.70036
12.50723
12.30446
12.09199
11.88524
11.67652
11.4581
11.24539
11.02299
10.79856
10.57211
10.32817
10.09754
9.864893
9.622488
9.370264
9.123623
8.867167
8.616293
8.3556
8.092763
7.827775
7.568372
7.29142
7.027723
6.761939
6.50953
6.262892
6.014349
5.779366
5.550336
5.327321
5.110378
4.899571
4.694962
4.496614
4.296851
4.11114
3.924141
3.751316
3.569595
3.402108
3.233517
3.071552
2.908544
2.752224
2.594923
2.444374
2.300632
2.156033
2.010573
1.871987
1.740334
1.600213
1.474757
1.340895
1.221762
1.094281
0.9738569
0.852819
0.7311673
0.6166334
0.5015473
0.3859091
0.2774496
0.160768
0.05126572
0.0509963
0.1614165
0.2645988
0.3682108
0.4722524
0.5689921
0.6661
0.763576
0.8614202
0.9596324
1.050481
1.141637
1.2331
1.32487
1.409214
1.493805
1.578641
1.655991
1.741256
1.819036
1.897
1.967416
2.045687
2.11641
2.187253
2.250491
2.313789
2.37715
2.43284
2.496261
2.552012
2.600033
2.655723
2.711413
2.767104
2.822794
2.878484
2.934175
2.982133
3.030031
3.077867
3.125644
3.173358
3.22101
3.260869
3.308337
3.348012
3.387565
3.426995
3.466302
3.505487
3.544549
3.575756
3.614511
3.645412
3.68386
3.714454
3.744864
3.77509
3.805132
3.83499
3.864664
3.894154
3.92346
3.952581
3.973787
4.00248
4.023256
4.051518
4.071866
4.091968
4.111824
4.131434
4.1508
4.16992
4.181063
4.1919
4.202429
4.212655
4.22257
4.23218
4.241482
4.242747
4.251374
4.251964
4.252185
4.252038
4.251523
4.25064
4.249389
4.240038
4.237988
4.22784
4.217262
4.213986
4.20261
4.190807
4.170841
4.158116
4.144961
4.123645
4.10957
4.095065
4.072399
4.049242
4.025595
4.001456
3.976827
3.951707
3.926096
3.899994
3.873404
3.838588
3.810953
3.782826
3.754208
3.7251
3.6955
3.673141
3.642622
3.611611
3.58011
3.555849
3.523427
3.490514
3.464844
3.431011
3.396687
3.369603
3.334359
3.298623
3.270128
3.233473
3.204058
3.166481
3.136146
3.09765
3.066393
3.034708
2.987133
2.954465
2.913637
2.872318
2.83824
2.803732
2.761063
2.725634
2.689776
2.653489
2.616772
2.571894
2.541988
2.503982
2.465547
2.426682
2.387391
2.355399
2.315307
2.274786
2.241566
2.200247
2.16623
2.124113
2.089298
2.046384
2.010772
1.974791
1.930711
1.893932
1.856786
1.819271
1.781388
1.74314
1.712252
1.681057
1.641825
1.609955
1.577779
1.545295
1.512506
1.48714
1.453798
1.42788
1.401717
1.375308
1.356386
1.329548
1.310195
1.282928
1.263146
1.24318
1.22303
1.202696
1.189909
1.169268
1.156175
1.142959
1.129619
1.116158
1.102573
1.088866
1.082767
1.076607
1.062655
1.056311
1.049905
1.043438
1.044641
1.038113
1.039255
1.040397
1.03381
1.03489
1.035971
1.04478
1.045922
1.047064
1.048205
1.049347
1.050489
1.051631
1.052773
1.053914
1.055056
1.056198
1.05734
1.058482
1.059623
1.060765
1.061907
1.063049
1.064191
1.065332
1.066474
1.067616
1.068758
1.069899
1.071041
1.072183
1.073325
1.074467
1.075608
1.07675
1.077892
1.079034
1.080176
1.081317
1.082459
1.083601
1.084743
1.085884
1.087026
1.088168
1.08931
1.090452
1.091593
1.092735
1.093877
1.095019
1.096161
1.097302
1.098444
1.099586
1.100728
1.101869
1.103011
1.104153
1.105295
1.106437
1.107578
16.22872
16.34986
16.471
16.59215
16.70556
16.80345
16.90115
16.9832
17.06495
17.14639
17.21207
17.27731
17.33439
17.38326
17.43156
17.47159
17.50327
17.53427
17.55687
17.571
17.58434
17.59687
17.59315
17.59623
17.583
17.56878
17.55359
17.52967
17.49699
17.4632
17.4283
17.38457
17.33194
17.27809
17.21528
17.15117
17.08578
17.01137
16.92789
16.84298
16.75667
16.66121
16.56428
16.45815
16.35048
16.24128
16.11508
15.98723
15.86545
15.72661
15.58606
15.44378
15.29206
15.13083
14.97548
14.8029
14.62841
14.45202
14.266
14.07802
13.88807
13.69615
13.49455
13.29091
13.08525
12.86984
12.66007
12.44828
12.23446
12.01089
11.79296
11.55754
11.33544
11.10358
10.87737
10.6414
10.39561
10.15541
9.913122
9.668748
9.414555
9.158215
8.899727
8.63136
8.368516
8.095794
7.828592
7.551513
7.272225
6.998458
6.730276
6.467737
6.218638
5.967636
5.730194
5.498705
5.265497
5.046035
4.832706
4.625576
4.424706
4.230154
4.041985
3.860256
3.677302
3.500852
3.330966
3.159976
2.995615
2.83794
2.679284
2.535109
2.382342
2.236387
2.097304
1.957424
1.824477
1.690795
1.564106
1.436744
1.308705
1.179992
1.058336
0.9437966
0.8209739
0.7052693
0.5890121
0.4799337
0.3626337
0.2525125
0.1419001
0.0385294
0.07300329
0.1772957
0.2820172
0.3871679
0.4927487
0.5910277
0.6896749
0.7886896
0.888073
0.9800935
1.072421
1.165054
1.257995
1.351242
1.437065
1.523133
1.609447
1.688275
1.775019
1.854276
1.933717
2.005611
2.08536
2.157561
2.229885
2.2946
2.359377
2.424215
2.481383
2.538551
2.595719
2.652887
2.710055
2.767223
2.824391
2.881559
2.938727
2.988164
3.037539
3.086854
3.128375
3.177505
3.226574
3.26785
3.316734
3.357826
3.398797
3.447374
3.488159
3.528821
3.569361
3.609778
3.650073
3.690244
3.730293
3.770219
3.810023
3.841973
3.881469
3.920843
3.952363
3.991431
4.022644
4.061404
4.09231
4.130764
4.161364
4.191779
4.222011
4.244327
4.274129
4.296016
4.317657
4.346784
4.367995
4.388961
4.40195
4.422365
4.442533
4.454725
4.474341
4.485981
4.505044
4.516132
4.526913
4.537386
4.547554
4.557413
4.559236
4.568421
4.569569
4.578078
4.57855
4.578655
4.586122
4.585551
4.584612
4.583304
4.573898
4.571793
4.56932
4.558747
4.555477
4.551838
4.5401
4.527932
4.523066
4.510101
4.496706
4.482882
4.468627
4.453944
4.438831
4.423288
4.399584
4.383121
4.366229
4.341177
4.323364
4.29739
4.270926
4.24397
4.224254
4.196378
4.168013
4.139155
4.109807
4.072236
4.041844
4.010962
3.971858
3.939933
3.899785
3.866816
3.833357
3.791675
3.757172
3.714448
3.678903
3.635135
3.598546
3.561466
3.523895
3.478102
3.43949
3.400385
3.36079
3.312972
3.272333
3.231204
3.189584
3.139742
3.097078
3.053924
3.010279
2.958411
2.913723
2.868545
2.815144
2.768921
2.722208
2.675004
2.627309
2.579123
2.530447
2.489011
2.439414
2.389326
2.338748
2.295409
2.24391
2.199652
2.147233
2.102053
2.048713
2.002614
1.948353
1.901333
1.853884
1.806006
1.757698
1.70896
1.659792
1.610195
1.5679
1.525236
1.482205
1.438806
1.395038
1.350902
1.314129
1.269318
1.23187
1.194116
1.156054
1.125417
1.086803
1.055614
1.016449
0.9847078
0.9604522
0.9282812
0.903596
0.8787268
0.8536736
0.8284363
0.8107461
0.7852019
0.767205
0.7490853
0.7385741
0.7202704
0.7095752
0.6988187
0.6880008
0.6848528
0.6739736
0.6707642
0.6675549
0.6643455
0.6611362
0.6579268
0.6547174
0.6515081
0.6482987
0.6450894
0.64188
0.6386707
0.6354613
0.632252
0.6290426
0.6258333
0.6226239
0.6194146
0.6162052
0.6129959
0.6097865
0.6065772
0.6033678
0.6001585
0.5969491
0.5937397
0.5982617
0.5951138
0.5919658
0.5888178
0.5856699
0.5825219
0.579374
0.576226
0.573078
0.5699301
0.5667821
0.5636342
0.5604862
0.5573382
0.5541903
0.5510423
0.5478944
0.5447464
0.5415984
0.5384505
0.5353025
0.5321546
0.5290066
0.5258586
0.5227107
0.5195627
15.63642
15.75327
15.87012
15.98697
16.08836
16.18963
16.28304
16.36854
16.44606
16.51554
16.58466
16.64567
16.70626
16.75095
16.80282
16.83874
16.87405
16.90101
16.92729
16.94517
16.96232
16.96326
16.97108
16.97037
16.96106
16.95084
16.93196
16.91211
16.88354
16.85393
16.81554
16.76832
16.71993
16.67037
16.61192
16.55224
16.48361
16.41368
16.33474
16.24671
16.15727
16.06642
15.96643
15.86497
15.7543
15.6421
15.52063
15.38984
15.26512
15.13107
14.99537
14.84255
14.69568
14.53936
14.37353
14.21359
14.04414
13.86512
13.69192
13.50916
13.32449
13.13792
12.94945
12.75134
12.55128
12.34924
12.15298
11.94708
11.73922
11.52167
11.30981
11.08827
10.8647
10.64684
10.41155
10.18191
9.942508
9.701021
9.465181
9.219584
8.964169
8.714339
8.462421
8.200686
7.936806
7.670775
7.410329
7.140067
6.875387
6.60862
6.355232
6.10761
5.865817
5.629914
5.407697
5.18382
4.966019
4.746622
4.548823
4.349616
4.156726
3.962486
3.774628
3.600943
3.418364
3.250018
3.080567
2.910012
2.746084
2.588844
2.438356
2.286945
2.134614
1.989094
1.842714
1.703207
1.562902
1.429531
1.295425
1.160582
1.032733
0.9042091
0.7750106
0.6528683
0.5378437
0.4145355
0.2983451
0.173871
0.06424618
0.05359888
0.1642671
0.2754259
0.3870759
0.4914856
0.6040559
0.7093859
0.8074141
0.9135418
1.012368
1.111562
1.211124
1.311054
1.403621
1.496495
1.589676
1.675432
1.761434
1.847679
1.934171
2.020909
2.100162
2.179598
2.251487
2.33123
2.403426
2.468013
2.532661
2.597372
2.662143
2.719244
2.776345
2.833447
2.890548
2.947649
3.00475
3.061852
3.118953
3.176054
3.225424
3.274733
3.323981
3.365435
3.414499
3.455769
3.504648
3.545735
3.586699
3.62754
3.668259
3.708854
3.749327
3.781946
3.822113
3.854427
3.894287
3.926292
3.958113
3.997482
4.028996
4.060327
4.083742
4.114643
4.137629
4.1681
4.190656
4.212967
4.235032
4.256852
4.270695
4.291963
4.305253
4.325969
4.338707
4.351139
4.363264
4.375082
4.378862
4.390005
4.39311
4.395847
4.40595
4.408012
4.409706
4.4033
4.404196
4.404725
4.397153
4.396883
4.388515
4.379716
4.370488
4.36083
4.350743
4.340226
4.32928
4.310173
4.298309
4.278282
4.265495
4.244547
4.223108
4.201179
4.178759
4.155848
4.132445
4.108552
4.076437
4.051501
4.026074
3.992425
3.965958
3.931265
3.896021
3.867956
3.831668
3.80256
3.765229
3.735077
3.704435
3.673301
3.633946
3.601769
3.561371
3.528154
3.494443
3.460242
3.42555
3.382636
3.3469
3.310674
3.273957
3.236749
3.191319
3.153068
3.114326
3.075094
3.03537
2.995158
2.946721
2.905463
2.863715
2.821476
2.771014
2.735463
2.691751
2.647548
2.602854
2.55767
2.511994
2.473559
2.426963
2.38761
2.340094
2.299818
2.251381
2.210185
2.16856
2.126504
2.076288
2.033312
1.989907
1.946073
1.901808
1.857115
1.811991
1.77417
1.728251
1.689632
1.650645
1.61129
1.571566
1.531474
1.498746
1.457979
1.424575
1.390865
1.356848
1.330255
1.295686
1.268541
1.233419
1.205722
1.185511
1.157384
1.129012
1.108126
1.079324
1.058008
1.036509
1.014825
0.9929567
0.9786383
0.9564635
0.9418359
0.9270856
0.9199439
0.9050096
0.8976837
0.8902966
0.8828481
0.8753382
0.8754982
0.8756583
0.8758183
0.8759784
0.8761384
0.8762984
0.8764585
0.8766185
0.8767785
0.8769386
0.8770986
0.8772587
0.8774187
0.8775787
0.8777388
0.8778988
0.8780589
0.8782189
0.8783789
0.878539
0.878699
0.8865904
0.8868118
0.8870332
0.8872547
0.8952073
0.8954901
0.8957729
0.8960556
0.8963384
0.8966212
0.8969039
0.8971867
0.8974695
0.8977522
0.898035
0.8983178
0.8986005
0.8988833
0.899166
0.8994488
0.8997316
0.9000143
0.9002971
0.9005799
0.9008626
0.9011454
0.9014282
0.9017109
0.9019937
0.9022765
0.9025592
0.902842
0.9031247
0.9034075
0.9036903
0.903973
0.9042558
0.9045386
0.9048213
0.9051041
0.9053869
0.9056696
0.9059524
0.9062352
0.9065179
0.9068007
0.9070835
0.9073662
16.02765
16.14793
16.26821
16.3885
16.50878
16.6136
16.71057
16.79189
16.88063
16.95366
17.0186
17.08311
17.14719
17.19537
17.24301
17.28236
17.32109
17.35148
17.37347
17.39472
17.4075
17.41175
17.41515
17.40995
17.40383
17.38906
17.36558
17.34106
17.31549
17.27341
17.23791
17.19356
17.14032
17.08585
17.02243
16.95771
16.8917
16.81668
16.74031
16.65485
16.56026
16.47192
16.37444
16.26775
16.15953
16.04978
15.93076
15.80242
15.68015
15.55628
15.39989
15.25713
15.10492
14.95092
14.78742
14.62208
14.44716
14.27034
14.09162
13.90326
13.71295
13.52067
13.32642
13.13021
12.92431
12.71638
12.4987
12.29439
12.08039
11.85663
11.63852
11.41838
11.18848
10.96423
10.74569
10.50199
10.26387
10.02367
9.781383
9.537008
9.290546
9.034267
8.775842
8.515266
8.252545
7.987677
7.712928
7.443703
7.180061
6.89887
6.630934
6.376372
6.119848
5.876822
5.639688
5.408506
5.183336
4.96424
4.759013
4.552312
4.351871
4.157748
3.970009
3.78871
3.606185
3.430164
3.260708
3.097879
2.934009
2.776824
2.618659
2.467242
2.322638
2.177174
2.038581
1.906923
1.774529
1.641398
1.515262
1.388451
1.260965
1.140536
1.019493
0.9055676
0.79109
0.6760597
0.5604777
0.4520745
0.3431802
0.2337956
0.1316514
0.02907658
0.07392645
0.1773591
0.2734904
0.3699899
0.4745889
0.5718856
0.6618195
0.7597919
0.8504009
0.9413166
1.024808
1.116275
1.200319
1.284608
1.369143
1.446191
1.523424
1.600841
1.678442
1.748495
1.818671
1.88897
1.959392
2.022205
2.092811
2.155808
2.211136
2.274194
2.329583
2.377241
2.432569
2.487896
2.543223
2.598551
2.653878
2.709206
2.764533
2.812129
2.859664
2.907137
2.954549
3.001899
3.049189
3.096417
3.143584
3.182958
3.22994
3.276862
3.31599
3.362727
3.401672
3.448225
3.486985
3.533354
3.57193
3.610384
3.648715
3.686923
3.725008
3.762971
3.800811
3.838528
3.868391
3.905802
3.935358
3.972462
4.009443
4.038569
4.067513
4.104002
4.132638
4.16109
4.189358
4.217443
4.237611
4.265265
4.285005
4.312229
4.331539
4.350603
4.377152
4.395787
4.406446
4.424528
4.442365
4.452224
4.469509
4.478817
4.487819
4.504244
4.512693
4.520835
4.520939
4.528406
4.535566
4.54242
4.541235
4.547414
4.545555
4.543327
4.548462
4.54556
4.542289
4.538651
4.534643
4.522537
4.517733
4.51256
4.499288
4.493317
4.479248
4.472479
4.457611
4.442314
4.426587
4.410431
4.393845
4.376831
4.359386
4.341512
4.315476
4.296682
4.277457
4.250072
4.229928
4.201624
4.172827
4.14354
4.113762
4.083493
4.052733
4.021483
3.989742
3.95751
3.924787
3.883841
3.850075
3.815817
3.781069
3.7381
3.702309
3.666027
3.629254
3.59199
3.554235
3.508259
3.477193
3.430234
3.390455
3.350184
3.309422
3.26817
3.226429
3.184195
3.141469
3.098254
3.054547
3.01035
2.965662
2.912752
2.867021
2.820798
2.774085
2.726881
2.679186
2.631
2.582325
2.540888
2.491291
2.441203
2.390625
2.347286
2.295787
2.251529
2.19911
2.15393
2.10059
2.054491
2.007962
1.953272
1.905822
1.857944
1.809636
1.760898
1.71173
1.662133
1.619838
1.577175
1.526412
1.482952
1.446854
1.402718
1.358214
1.321072
1.275893
1.238077
1.207686
1.169317
1.130642
1.099393
1.060166
1.028363
1.004046
0.9718134
0.9470669
0.9221363
0.8970217
0.8794543
0.8540328
0.8361585
0.8181616
0.8000419
0.7895308
0.771227
0.7605318
0.7497753
0.7389574
0.7358094
0.7249302
0.7217208
0.7185115
0.7153021
0.7120928
0.7088834
0.7056741
0.7024647
0.6992553
0.696046
0.6928366
0.6896273
0.6864179
0.6832086
0.6799992
0.6767899
0.6735805
0.6703712
0.6671618
0.6639525
0.6607431
0.6575338
0.6543244
0.6511151
0.6479057
0.6446964
0.641487
0.6382776
0.6350683
0.6318589
0.6286496
0.6254402
0.6222309
0.6190215
0.6158122
0.6126028
0.6093935
0.6061841
0.6029748
0.5997654
0.5965561
0.5933467
0.5901374
0.586928
0.5837187
0.5805093
0.5773
0.5740906
0.5708812
0.5676719
15.68446
15.80125
15.91804
16.03483
16.14389
16.23743
16.33078
16.41622
16.49368
16.5631
16.63215
16.69311
16.75363
16.79826
16.84234
16.88587
16.91338
16.94795
16.97417
16.99199
17.00134
17.0099
17.00992
17.00909
16.99966
16.98932
16.97032
16.94261
16.91385
16.87633
16.83769
16.79796
16.74938
16.69191
16.63322
16.56556
16.49662
16.41866
16.33934
16.25868
16.16894
16.07778
15.96975
15.86019
15.75682
15.63652
15.51462
15.39113
15.25831
15.12384
14.97997
14.83439
14.67936
14.52255
14.35623
14.18807
14.01806
13.84622
13.66481
13.48922
13.30406
13.10927
12.92025
12.72932
12.52876
12.32624
12.12175
11.9153
11.70689
11.49651
11.27644
11.06208
10.83801
10.61193
10.37609
10.14589
9.905941
9.663904
9.41978
9.181299
8.925332
8.667219
8.414688
8.15234
7.895577
7.628994
7.360264
7.09712
6.831888
6.5723
6.326152
6.085832
5.851401
5.622923
5.40046
5.191801
4.981608
4.777612
4.579875
4.380729
4.195632
4.009246
3.829303
3.655864
3.488993
3.321015
3.159664
2.99727
2.849295
2.692668
2.550523
2.399789
2.263596
2.118873
1.988754
1.850167
1.726245
1.593917
1.468584
1.350307
1.223688
1.111854
0.9917364
0.8787365
0.7651844
0.6510801
0.5441546
0.4367385
0.3288317
0.2281651
0.127069
0.02554321
0.07641172
0.1710653
0.2738156
0.3692665
0.4573545
0.5534806
0.6422434
0.7313132
0.8206897
0.9026418
0.984839
1.075013
1.150032
1.232965
1.308414
1.391777
1.467654
1.535984
1.612168
1.680805
1.749565
1.810716
1.87966
1.940995
2.002392
2.06385
2.117638
2.171426
2.225214
2.279003
2.332791
2.386579
2.440367
2.494155
2.547944
2.594
2.639996
2.68593
2.731802
2.777614
2.823364
2.869052
2.906948
2.952453
2.997896
3.043278
3.088598
3.126126
3.171262
3.208606
3.245827
3.290657
3.327693
3.364608
3.401399
3.438068
3.474614
3.503306
3.539545
3.575662
3.603924
3.639734
3.66769
3.695462
3.723049
3.758184
3.785465
3.812562
3.831743
3.85841
3.884893
3.911192
3.929576
3.947714
3.97334
3.991049
4.008512
4.033462
4.050495
4.067284
4.083826
4.092392
4.108383
4.124128
4.131897
4.139359
4.146513
4.153361
4.159903
4.166137
4.172065
4.169954
4.167476
4.17236
4.169207
4.165685
4.161796
4.149809
4.145121
4.140066
4.126911
4.113326
4.107043
4.092661
4.077849
4.062608
4.046937
4.023106
4.006515
3.981762
3.964251
3.94631
3.920208
3.901349
3.874326
3.854545
3.826602
3.8059
3.777037
3.755414
3.725631
3.703088
3.680115
3.648982
3.625089
3.600766
3.568283
3.54304
3.51737
3.491268
3.457006
3.429983
3.402532
3.37465
3.34634
3.309868
3.280637
3.243245
3.213093
3.182512
3.14377
3.112269
3.080338
3.040248
3.007397
2.966385
2.932613
2.890681
2.855989
2.813135
2.777523
2.733749
2.697217
2.660254
2.622862
2.585041
2.54679
2.508109
2.469002
2.429462
2.389493
2.349094
2.308266
2.27474
2.233114
2.191059
2.156306
2.113453
2.07017
2.03419
1.997841
1.953393
1.916246
1.871
1.833056
1.794746
1.756065
1.717017
1.6776
1.645546
1.605455
1.572726
1.539691
1.506348
1.472699
1.446475
1.420005
1.385558
1.358536
1.331269
1.311487
1.28379
1.255847
1.23539
1.214749
1.193925
1.172916
1.151723
1.138077
1.116577
1.102624
1.088549
1.074351
1.060032
1.045589
1.031023
1.024065
1.017046
1.009966
1.002824
0.9956209
0.9883565
0.988762
0.9891675
0.9895729
0.9899784
0.9903839
0.9907894
0.9911949
0.9916004
0.9920059
0.9924114
0.9928169
0.9932224
0.9936278
0.9940333
0.9944388
0.9948443
0.9952498
0.9956553
0.9960608
0.9964663
1.004603
1.00507
1.005537
1.006003
1.014202
1.01473
1.015258
1.015786
1.016315
1.024574
1.025164
1.025753
1.026343
1.026932
1.027522
1.028111
1.028701
1.02929
1.037611
1.038262
1.038913
1.031833
1.032422
1.033012
1.033601
1.034191
1.034781
1.03537
1.03596
1.036549
1.037139
1.037728
1.038318
1.038907
1.039497
1.040087
16.16068
16.28127
16.40186
16.52245
16.64303
16.74816
16.84543
16.92706
17.00838
17.08939
17.15464
17.21945
17.2761
17.32454
17.37241
17.40428
17.4432
17.46604
17.48815
17.50179
17.51463
17.51895
17.5224
17.51727
17.50348
17.48871
17.46523
17.4407
17.4074
17.373
17.32203
17.27756
17.23193
17.1774
17.11391
17.04914
16.97534
16.90019
16.81597
16.73033
16.64328
16.54708
16.44169
16.34249
16.24955
16.11654
15.99728
15.87642
15.74623
15.60666
15.46537
15.32236
15.17763
15.00799
14.84418
14.6708
14.50324
14.32612
14.13936
13.95837
13.76001
13.56736
13.36502
13.16838
12.96205
12.75369
12.54331
12.32317
12.10868
11.89216
11.67362
11.45305
11.22272
10.99804
10.76361
10.52709
10.28848
10.07098
9.812923
9.560389
9.321168
9.056727
8.79781
8.536745
8.273533
8.008173
7.732934
7.455486
7.206755
6.909671
6.641183
6.3938
6.129054
5.885477
5.64779
5.416055
5.190333
4.970686
4.757174
4.549861
4.348805
4.154069
3.973447
3.776133
3.600664
3.42403
3.253961
3.082787
2.918241
2.760382
2.601541
2.449451
2.304171
2.158032
2.011034
1.870908
1.737716
1.603787
1.469122
1.341453
1.213108
1.091819
0.9699168
0.8474007
0.7242718
0.6082602
0.4916959
0.3745804
0.2646432
0.1464834
0.03550386
0.07596731
0.1801982
0.2925897
0.3977404
0.5033212
0.6016002
0.7079787
0.807055
0.9064999
1.006313
1.098763
1.19925
1.292374
1.385806
1.471813
1.558066
1.644564
1.731307
1.818296
1.897798
1.977485
2.057356
2.137412
2.209919
2.28255
2.347572
2.420387
2.485593
2.543129
2.600666
2.658202
2.715738
2.773274
2.83081
2.888346
2.945882
3.003418
3.060955
3.103028
3.15271
3.202331
3.24416
3.293597
3.335241
3.376762
3.418161
3.467169
3.508383
3.549475
3.590446
3.62356
3.664223
3.704762
3.745179
3.777743
3.817853
3.857841
3.889974
3.929655
3.961482
4.000855
4.032376
4.063712
4.094864
4.125832
4.156615
4.187215
4.21763
4.24013
4.270116
4.292187
4.314013
4.335592
4.356926
4.378015
4.391127
4.411664
4.424224
4.444208
4.456216
4.467917
4.479311
4.490398
4.50118
4.511653
4.52182
4.523949
4.533441
4.534895
4.543712
4.544491
4.544902
4.544945
4.544619
4.543925
4.542863
4.541433
4.531904
4.529677
4.527081
4.516386
4.512992
4.5015
4.489577
4.477225
4.472176
4.459026
4.445447
4.431438
4.409269
4.402071
4.379043
4.363255
4.347037
4.322659
4.297791
4.280161
4.254372
4.228091
4.209051
4.18185
4.161889
4.126038
4.097364
4.0682
4.038545
4.000667
3.969969
3.938779
3.899369
3.867136
3.834413
3.793468
3.759701
3.725444
3.682966
3.655397
3.611936
3.575653
3.531149
3.493824
3.456008
3.417702
3.378904
3.339615
3.299836
3.259565
3.211072
3.169759
3.127955
3.08566
3.042874
2.999597
2.955829
2.903839
2.859028
2.813727
2.767934
2.72165
2.674876
2.62761
2.587585
2.539399
2.490724
2.441556
2.399629
2.349541
2.306694
2.255685
2.211917
2.167721
2.115363
2.070245
2.024698
1.978721
1.924583
1.877686
1.830359
1.782604
1.734418
1.693534
1.644551
1.602869
1.560819
1.518401
1.475615
1.43246
1.388939
1.35278
1.316314
1.279541
1.242461
1.205074
1.167381
1.137112
1.098867
1.068045
1.036979
1.005668
0.9741107
0.9500391
0.9257835
0.9013438
0.8767201
0.8596435
0.8347129
0.8173295
0.7998234
0.7899259
0.7722358
0.7621541
0.7442799
0.7417455
0.7314798
0.7211528
0.7184957
0.7158387
0.7131816
0.7105246
0.7078675
0.7052104
0.7025534
0.6998963
0.6972393
0.6945822
0.6919252
0.6892681
0.6866111
0.683954
0.6812969
0.6786399
0.6759828
0.6733258
0.6706687
0.6680117
0.6653545
0.6626974
0.6600403
0.6573832
0.6547261
0.652069
0.6494119
0.6467547
0.6440976
0.6414405
0.6387834
0.6361263
0.6334692
0.630812
0.6281549
0.6254978
0.6228407
0.6201836
0.6175265
0.6148694