0.720000000000000
0.719924093651772
0.719483733910542
0.698894692191308
0.692746098363723
0.681112265746796
0.679569528334252
0.675070036022418
0.664937854253379
0.657735349880832
0.647065454084293
0.634535848845970
0.621847975199860
0.609496501862875
0.594322370906380
0.577936306966823
0.562419955388422
0.546744693401301
0.531858034393242
0.515053419205108
0.496538109771271
0.477990772064996
0.459039213100487
0.440520161661359
0.421205712179939
0.400924090699960
0.378782300481717
0.359980166050502
0.341616314950430
0.323531869004725
0.304975561347054
0.284010257383866
0.264430148720529
0.244207045177298
0.223067125299412
0.200631662293809
0.181746475198824
0.165565523395690
0.148088362157378
0.129813292523360
0.113242854454197
0.0947627512832667
0.0787463860246159
0.0624905632358041
0.0477617849816452
0.0286317686292434
0.0107708195852194
-0.00477386865224830
-0.0166228206860411
-0.0313813865637075
-0.0422398565862828
-0.0545591401926413
-0.0676524761105417
-0.0809711228543575
-0.0927188673621162
-0.105912674725218
-0.116854824498062
-0.124357877234574
-0.131917350833916
-0.140045705556840
-0.146998991004608
-0.154893055231212
-0.161853861846190
-0.167990744550501
-0.173978646222230
-0.180266804479125
-0.185771040603426
-0.191725380137595
-0.195976359176799
-0.199178392075592
-0.201183537191198
-0.202444009016503
-0.202439671183242
-0.202249166698266
-0.202119115122053
-0.201377453486709
-0.200254796686033
-0.199143213735825
-0.197489931474415
-0.195543043854411
-0.193160301333912
-0.190448688215880
-0.187166925802107
-0.183476678147601
-0.179471951009607
-0.175078709022539
-0.170286301417194
-0.165356224622988
-0.160102137575966
-0.154722097486131
-0.149033680673682
-0.143434124726307
-0.137682399229396
-0.132112838395441
-0.126548612753960
-0.121336996207298
-0.115933668797914
-0.110654271904439
-0.105516048788076
-0.100604153170107
-0.0956359191742625
-0.0906971557281565
-0.0859498819443838
-0.0813847587624049
-0.0769169962447846
-0.0726177524043713
-0.0684949409877750
-0.0644201422265545
-0.0605822471349668
-0.0569580580735853
-0.0535532849759258
-0.0501017315442676
-0.0469370808859925
-0.0438818841802816
-0.0410826159916172
-0.0384670206904134
-0.0360144967329870
-0.0339609425802059
-0.0321073113388866
-0.0307752542577893
-0.0294883845642426
-0.0271701658565362
-0.0257087824734954
-0.0240042459775546
-0.0224960769639299
-0.0212783810370123
-0.0201896677488015
-0.0193040416776518
-0.0184320092364011
-0.0176927225139814
-0.0173002715458983
-0.0169224718490580
-0.0165586088725684
-0.0163759481100948
-0.0163701410131579
-0.0162770670717047
-0.0162805712469730
-0.0162124869606893
-0.0159842667758649
-0.0160110285639357
-0.0160409739515819
-0.0159060024773270
-0.0159455588347004
-0.0157438232494444
-0.0156278327724874
-0.0156095380648177
-0.0156563982370182
-0.0157009730117735
-0.0155915611527694
-0.0154874853728129
-0.0153884854282716
-0.0152022749204710
-0.0151126960657801
-0.0151033923713822
-0.0149427297270334
-0.0148658090401242
-0.0148685461674132
-0.0148711498034362
-0.0148736264586386
-0.0148759823259479
-0.0147264105998019
-0.0146600399206607
-0.0146728125257945
-0.0145331495072013
-0.0144762042822687
-0.0144220363085809
-0.0143705101380036
-0.0143974032765140
-0.0143470784730233
-0.0142992080390307
-0.0142536722735297
-0.0142103573134004
-0.0141691548486925
-0.0142058682000224
-0.0141648846719458
-0.0141258999340137
-0.0141647228523139
-0.0141257460064179
-0.0141645764318552
-0.0141256067269689
-0.0140885375969162
-0.0141291826978023
-0.0140919391656033
-0.0140565120218072
-0.0140987190283393
-0.0140629612267532
-0.0140289473536367
-0.0140724987048277
-0.0140380196834414
-0.0140052222236817
-0.0139740243148246
-0.0139443479458564
-0.0139161189104048
-0.0138892666211850
-0.0138637239334946
-0.0138394269773168
-0.0137404086493833
-0.0137221258502609
-0.0137806410619547
-0.0136844897567930
-0.0137448405023275
-0.0137263415591980
-0.0137087448201232
-0.0136920062840945
-0.0136760840960578
-0.0136609384422537
-0.0136465314506628
-0.0136328270963058
-0.0136197911111623
-0.0136073908984828
-0.0135955954512799
-0.0135084689265664
-0.0135014979606079
-0.0134948669726530
-0.0134885593817797
-0.0134825594157270
-0.0134768520714561
-0.0134714230776352
-0.0134662588589533
-0.0135372528504036
-0.0135288780759888
-0.0135209117441203
-0.0135133339348210
-0.0134302193513942
-0.0135029710102758
-0.0135721745290731
-0.0135620966043824
-0.0135525101858527
-0.0135433913024468
-0.0135347171522090
-0.0136023723934764
-0.0135908217016378
-0.0135798343436579
-0.0135693828454214
-0.0135594410727418
-0.0135499841660115
-0.0135409884780405
-0.0136083378631541
-0.0136724025801701
-0.0135815301277766
-0.0135709959251771
-0.0134850691334452
-0.0134792393888034
-0.0134736939641477
-0.0134684189930295
-0.0134634012852749
-0.0133827219457738
-0.0133818837321111
-0.0133810863986090
-0.0133803279515186
-0.0133796064943273
-0.0133789202230165
-0.0133782674215508
-0.0133776464575865
-0.0133770557783906
-0.0134524002551859
-0.0135240701386817
-0.0135163382926702
-0.0135089835332184
-0.0135778938178271
-0.0136434433083756
-0.0137057959127157
-0.0136132948483623
-0.0136012114621413
-0.0135897173895891
-0.0135787838895404
-0.0135683836225531
-0.0135584905825452
-0.0135490800317664
-0.0136160347871690
-0.0136038177725627
-0.0135921965887580
-0.0135052358285170
-0.0135743288908312
-0.0136400522449117
-0.0136266638851312
-0.0137657411797846
-0.0137462228986411
-0.0137276565352513
-0.0137859020122695
-0.0137654004757752
-0.0138218051591899
-0.0137995526056509
-0.0138542916701252
-0.0139063610790642
-0.0138799846848694
-0.0139308010307593
-0.0139032326861183
-0.0138770088654397
-0.0139279703437482
-0.0139005400533344
-0.0139503539021278
-0.0139218319527479
-0.0139706073834085
-0.0139410976601430
-0.0139889334912162
-0.0139585299931736
-0.0139296092911492
-0.0139780054165601
-0.0139481348869794
-0.0139197211602396
-0.0139685995354601
-0.0139391877360894
-0.0139871167152529
-0.0138808954741865
-0.0139316674003596
-0.0139040568023768
-0.0138777927890762
-0.0138528096867513
-0.0139049513728685
-0.0138786437308525
-0.0139295254758381
-0.0139020193407413
-0.0139517610438404
-0.0139231704673530
-0.0138959742696609
-0.0139460107943399
-0.0139177006608151
-0.0139666775769501
-0.0139373595125970
-0.0139094713070393
-0.0138829432252442
-0.0138577089331966
-0.0139096116802578
-0.0138830767523805
-0.0138578359481380
-0.0137579198041508
-0.0137387829759780
-0.0137964858101074
-0.0137754680957289
-0.0137554754273221
-0.0137364578128076
-0.0137183676982486
-0.0137770661971691
-0.0137569955884395
-0.0137379038347964
-0.0137197431969164
-0.0137783746119789
-0.0137582401911094
-0.0137390877374810
-0.0137208693599889
-0.0137035395032046
-0.0136870548334643
-0.0136713741305116
-0.0136564581844256
-0.0136422696975758
-0.0136287731913585
-0.0136918412657103
-0.0136759271257147
-0.0137366954756726
-0.0137185937701594
-0.0137013748951949
-0.0137609021428558
-0.0137416198643157
-0.0137232779935471
-0.0136299243180958
-0.0136170299031087
-0.0136806707043563
-0.0136653013590377
-0.0136506815854957
-0.0136367748266852
-0.0136994526566978
-0.0137590736530315
-0.0137398805509877
-0.0137216235075266
-0.0137042568705349
-0.0136877372143789
-0.0136720232313180
-0.0137329819764423
-0.0137150613804141
-0.0136980147821212
-0.0136817995561933
-0.0136663751561240
-0.0136517030128828
-0.0136377464384735
-0.0136244705341941
-0.0136877484516008
-0.0137479402687226
-0.0137292901482101
-0.0136356432565314
-0.0136983762738687
-0.0137580497660097
-0.0136630002512941
-0.0137243990523235
-0.0137068970504219
-0.0137661549794086
-0.0137466165170204
-0.0137280309566368
-0.0137103518246810
-0.0136935349141194
-0.0136775381739206
-0.0135864152556776
-0.0135756428025916
-0.0134894893799859
-0.0134834440573879
-0.0134776935686364
-0.0134722235345159
-0.0134670202770933
-0.0134620707855162
-0.0135332690317075
-0.0135250885504129
-0.0135173070358778
-0.0135099050302647
-0.0135028640247061
-0.0134961664130225
-0.0134897954476978
-0.0135596415462306
-0.0135501748622934
-0.0136170762221840
-0.0136048084161953
-0.0135931389181331
-0.0135061321999486
-0.0134992751974860
-0.0134927526149621
-0.0135624544907531
-0.0136287569661285
-0.0136159194835655
-0.0136796144406104
-0.0136642966098799
-0.0136497258385300
-0.0136358656920466
-0.0136226815128479
-0.0136860466818506
-0.0135945087988012
-0.0135833416189802
-0.0134968127206884
-0.0135663165827971
-0.0135565243535024
-0.0135472096968405
-0.0135383493213205
-0.0135299210713909
-0.0135978102202675
-0.0135864820282301
-0.0135757063186085
-0.0135654561465187
-0.0136316122294226
-0.0136186354940330
-0.0136821979896914
-0.0136667541577920
-0.0136520635304224
-0.0136380893733662
-0.0136247967439555
-0.0136121524036968
-0.0136001247351567
-0.0136645900111306
-0.0137259112786620
-0.0137083355246155
-0.0136157106019348
-0.0136035093980281
-0.0135919032538261
-0.0135808631479263
-0.0135703614743162
-0.0135603719733447
-0.0135508696660587
-0.0135418307917431
-0.0135332327485064
-0.0134491476885359
-0.0134450698533423
-0.0135170972447358
-0.0135856118189853
-0.0135748785499671
-0.0134887624003998
-0.0134827525330126
-0.0134770357703011
-0.0134715978173823
-0.0133905187283143
-0.0134652066093287
-0.0135362519195960
-0.0135279259611502
-0.0135200060644678
-0.0135124724256840
-0.0135812125550084
-0.0135706938406147
-0.0135606881299484
-0.0135511704035238
-0.0136180232102981
-0.0136816155673851
-0.0136662001405553
-0.0136515365329237
-0.0136375880778374
-0.0137002262451253
-0.0136839031648798
-0.0136683761706096
-0.0136536064367456
-0.0136395570312640
-0.0137020991715653
-0.0136856847476242
-0.0137459772127713
-0.0137274228316221
-0.0137097733582718
-0.0136929846598483
-0.0137529211040940
-0.0136581217171583
-0.0137197584470926
-0.0137024827701667
-0.0137619559861306
-0.0138185286592786
-0.0137964359025174
-0.0137754206221607
-0.0136795239208386
-1
-1
-1
-1
-1
-1
-1
-1
-1
-1
-1
-1
-1
-1
-1
-1
-1
-1
-1
-1
-1
-1
-1
-0.969491046545074
-0.933253798379801
-0.892396659269445
-0.860641978997474
-0.822940905386760
-0.783858819183681
-0.746286316939838
-0.703415842521284
-0.661964173511067
-0.620815113136479
-0.582566716479163
-0.539976983549832
-0.497370896458871
-0.457001333181298
-0.415840420928735
-0.377155084279079
-0.336849154413576
-0.297408800459184
-0.257225505279833
-0.223365461428657
-0.182561183414658
-0.144600177714615
-0.107289191124540
-0.0716077100967760
-0.0343667651046058
-0.00443710590380425
0.0265458742984078
0.0600806616766192
0.0881861401894306
0.119180328177385
0.148896680439031
0.177609194575906
0.204358313688556
0.226481787707600
0.252654412838723
0.277187363352946
0.298241080605684
0.318572507756980
0.333883898022357
0.352767957131730
0.371319430611664
0.386099464944350
0.400888748161505
0.413981691033827
0.423876545440843
0.432178968297546
0.440515810250507
0.450888737126467
0.459139855311122
0.462595706347842
0.466656677672539
0.469161300674489
0.471113598877425
0.470704488679762
0.468007450305440
0.466586915545650
0.464509232210180
0.461661347595588
0.457931143580805
0.453289254664257
0.447716457731649
0.441813629048226
0.433612231813105
0.425189799497661
0.415463001723013
0.405315133958273
0.394755931803266
0.383447121944303
0.371805638406616
0.359657316744048
0.347335833409456
0.335091662490318
0.322560032951168
0.309732520377031
0.297196985650259
0.284338825622866
0.271259502325359
0.258108148351649
0.244966849164420
0.231566152768575
0.218696839592712
0.205393806663869
0.192562952276803
0.179299168616702
0.165700587087062
0.154380751670285
0.143044930303856
0.130578060112371
0.119345869286555
0.108901722500496
0.0988292099442707
0.0891493593664008
0.0800022553978001
0.0710233591530032
0.0620365218494499
0.0533137585316325
0.0453502471741083
0.0380169197765126
0.0277593522491612
0.0198585057145982
0.0117865708955346
0.00386000604585067
-0.00377197712737601
-0.00906978535179670
-0.0144797331856778
-0.0199437325912557
-0.0250473507031803
-0.0299073572953050
-0.0339834003573808
-0.0382830763370013
-0.0421691617469910
-0.0456920026245867
-0.0492795560624528
-0.0521299152274727
-0.0549606353502194
-0.0575010464835287
-0.0596045168920571
-0.0615272303943889
-0.0632573813220409
-0.0646758357891109
-0.0655975852169666
-0.0662933718757795
-0.0666017821164400
-0.0666845436306285
-0.0666357227086619
-0.0664572479140252
-0.0661186887549679
-0.0662700345586829
-0.0651851877203462
-0.0638424691665076
-0.0622338341621144
-0.0606991644211873
-0.0589910010717209
-0.0573571682528190
-0.0556260956264192
-0.0541339272373345
-0.0524617036371195
-0.0509496078252685
-0.0494861477187975
-0.0480046886899951
-0.0468258664485736
-0.0455437457721520
-0.0444669899775006
-0.0432819579087645
-0.0422216493065496
-0.0412799813359374
-0.0404673003243981
-0.0398577106395797
-0.0391858121456608
-0.0387101389344216
-0.0382576645782157
-0.0379790703520490
-0.0376381569776752
-0.0372379637956562
-0.0369331946126300
-0.0365673828490389
-0.0362194119347377
-0.0358125054130570
-0.0355772566520190
-0.0352775747596063
-0.0349166021765509
-0.0346491407814068
-0.0344706299799654
-0.0343008252525821
-0.0341393019990373
-0.0339097499788787
-0.0336913933422575
-0.0334836860839044
-0.0333620151757686
-0.0331703718793015
-0.0329880751361987
-0.0328905754579263
-0.0327219245465939
-0.0325614988368302
-0.0324848035290707
-0.0323359423471821
-0.0321943412104194
-0.0321355523904506
-0.0319278180384559
-0.0318061213580509
-0.0316903598944714
-0.0315802441837922
-0.0314754988794101
-0.0314517684117614
-0.0313532889443871
-0.0312596123770571
-0.0312464108178132
-0.0311579467579485
-0.0310737971409659
-0.0310696578972428
-0.0310657205268075
-0.0309860688359556
-0.0308343954554719
-0.0307660256208791
-0.0307009902222896
-0.0307150329855776
-0.0306524845270263
-0.0305929865926335
-0.0305363904065885
-0.0304825544489618
-0.0304313441018320
-0.0303826313126710
-0.0303362942741458
-0.0302922171195367
-0.0302502896330105
-0.0302863133222515
-0.0303205801155297
-0.0302772693494392
-0.0303119772224529
-0.0301931796761580
-0.0302319886507140
-0.0301929985411181
-0.0301559100015053
-0.0301206302912180
-0.0301629775408423
-0.0301273531426125
-0.0301693725149226
-0.0301334362301431
-0.0301751589267892
-0.0301389404353878
-0.0301044883405623
-0.0300717164941395
-0.0300405429494424
-0.0300867961046084
-0.0300548871186693
-0.0301004407004841
-0.0300678662597869
-0.0301127868414535
-0.0300796102723879
-0.0300480517436031
-0.0300180323423475
-0.0299894770044898
-0.0299623143268192
-0.0299364763885006
-0.0299878049294652
-0.0298848174516231
-0.0298627590803071
-0.0298417765083977
-0.0298218172685416
-0.0298028314522483
-0.0297847715850929
-0.0297675925080054
-0.0298271576125782
-0.0298079113446466
-0.0297136973800002
-0.0296999846326147
-0.0296869406637755
-0.0296745328567697
-0.0296627301856202
-0.0295755967892761
-0.0296445256350488
-0.0295582800850658
-0.0295521471281955
-0.0294704069309169
-0.0295444659463468
-0.0295390067129361
-0.0295338137294666
-0.0295288740107760
-0.0296000815532244
-0.0295919099148032
-0.0295082304636410
-0.0295045384554818
-0.0295010265086757
-0.0294976858415274
-0.0294945081006299
-0.0295673916882050
-0.0295608143532293
-0.0294786514504202
-0.0294764020276821
-0.0295501686588081
-0.0296203376490720
-0.0295352717610228
-0.0296061672815263
-0.0295976988386492
-0.0296655497548113
-0.0296541851946909
-0.0297192812389070
-0.0297812025117520
-0.0297641975004162
-0.0297480218332256
-0.0297326350625913
-0.0297939050618046
-0.0297762805398252
-0.0297595155758802
-0.0297435682488316
-0.0297283986820597
-0.0297139689437502
-0.0296243366038166
-0.0296908883809103
-0.0296023816932497
-0.0295181915274532
-0.0295899200607335
-0.0296581503523512
-0.0297230530135564
-0.0296329776383340
-0.0296232016389952
-0.0296139024207451
-0.0296809630789252
-0.0296688468021571
-0.0297332277913772
-0.0297944688828680
-0.0297768168630123
-0.0297600257422782
-0.0296681471858936
-0.0297325622957997
-0.0297938358438911
-0.0298521210459375
-0.0299075636452875
-0.0298843959290747
-0.0298623581156548
-0.0298413950990213
-0.0298973608089475
-0.0298746906909084
-0.0298531262075142
-0.0298326134363298
-0.0298131010847481
-0.0297945403617320
-0.0297768848558112
-0.0297600904190293
-0.0297441150565510
-0.0297289188216534
-0.0297144637158379
-0.0297766199420430
-0.0298357447734858
-0.0298160797047970
-0.0298732800610031
-0.0297758780266091
-0.0298350390416927
-0.0298154083919478
-0.0297967351402377
-0.0298548789419402
-0.0298342806888936
-0.0298146870244492
-0.0297960489542453
-0.0298542262216318
-0.0298336598021286
-0.0298140964186875
-0.0297954871526650
-0.0297777854712079
-0.0298368534591256
-0.0298171343192030
-0.0297224705448034
-0.0297842362733726
-0.0297670833037445
-0.0298266732425008
-0.0298074505975754
-0.0298650718002845
-0.0298439764356968
-0.0297480035558975
-0.0297326176766590
-0.0296420758273372
-0.0297077624523368
-0.0296943391547737
-0.0296815705191231
-0.0296694246171487
-0.0296578710777721
-0.0296468810111301
-0.0295605205881062
-0.0296301847088474
-0.0296205449222798
-0.0296872816218544
-0.0297507635343562
-0.0297352430493870
-0.0297204795073616
-0.0297064359917392
-0.0296930773864194
-0.0296803702879344
-0.0297441892701510
-0.0297289894158136
-0.0297145308670805
-0.0297007774700526
-0.0296117884858488
-0.0296789522418449
-0.0296669340347533
-0.0296555019625070
-0.0296446274389738
-0.0296342832721835
-0.0297003499445624
-0.0296872881592502
-0.0296748634046910
-0.0297389509607584
-0.0297240065817712
-0.0297097910487090
-0.0296962688153386
-0.0297593124172653
-0.0297433749983788
-0.0296523085083137
-0.0297174960795996
-0.0297035980674583
-0.0297662842175600
-0.0297500067799789
-0.0297345232023542
-0.0297197947676811
-0.0296298782989767
-0.0296202534561941
-0.0296110980225082
-0.0295264827563400
-0.0295219005734089
-0.0295175418661644
-0.0295893020837979
-0.0295816561662764
-0.0296502894927613
-0.0296396691843639
-0.0296295668344916
-0.0296958635302388
-0.0296830205499235
-0.0297467102773446
-0.0297313874720420
-0.0297168119687327
-0.0297029473210704
-0.0296897588602178
-0.0297531199563854
-0.0297374845473637
-0.0297226116861979
-0.0297084641829920
-0.0296950066616228
-0.0296822054712808
-0.0296700286023258
-0.0297343519544746
-0.0297196318716586
-0.0297056296957150
-0.0297682167621427
-0.0297518450732551
-0.0296603654927857
-0.0297251601203228
-0.0297108883285246
-0.0296973125801890
-0.0296843989288774
-0.0295962087355103
-0.0296641323248563
-0.0296528368936068
-0.0296420923470108
-0.0296318718181079
-0.0296980560984836
-0.0296851061853589
-0.0296727878469164
-0.0297369766291257
-0.0297221285394233
-0.0297080045995624
-0.0296945694923404
-0.0296817896229947
-0.0297455393834274
-0.0297302736832919
-0.0296398461518696
-0.0296297351711907
-0.0296960236570607
-0.0296831728672685
-0.0296709488178570
-0.0296593209423386
-0.0296482601649711
-0.0296377388280526
-0.0297036369709920
-0.0296904148755177
-0.0296778376292147
-0.0296658737824197
-0.0296544934192872
-0.0296436680829846
-0.0296333707045356
-0.0296235755351330
-0.0296142580817540
-0.0296053950459144
-0.0296728706136390
-0.0296611490110393
-0.0297259054259423
-0.0297115972851621
-0.0296979869606051
-0.0296850404193742
-0.0296727252883766
-0.0296610107733732
-0.0296498675819779
-0.0295633615021827
-0.0296328870699168
-0.0296231154876517
-0.0296897268192804
-0.0296771831298743
-0.0296652512033871
-0.0296539012037907
1