1
1
1
1
0
1
0
1
1
1.11022302462516e-16
-0.696261558617043
0.303738441382957
1
0
0.922666133929971
1
1
1
1
1
1
1
1
0
-1
-1
-0.751461500311289
-1
-0.0979903202759136
0.650425871079592
1
1
1
1
1
1
1
0.688283187105644
0.950466903778521
0.888673312288198
0.761662559274001
0.976090931121358
-0.0239090688786425
0.184613839645692
-0.172195353054975
-1
-0.551365379501895
-0.898534653437977
-1
-0.644922397516387
-0.624612233303852
-0.526983952348841
-0.610214558933201
0.389785441066799
0.192169052040228
-0.0492867408909794
0.113675814554808
0.0384147450337966
-0.391713499562458
-0.530942943303119
-0.632695883480891
-0.610894713280286
-0.744792680370729
-0.767512411799507
-0.649089875407383
-0.585967281071931
-0.704679881529036
0.0547794745922706
0.0783875687920009
-0.0433888412006095
0.104898705880551
-0.0167826288653427
-0.155215513893235
-0.0201509422129394
-0.236227430122920
-0.349390821010517
-0.235737157104198
-0.353109283604802
-0.299407386076134
-0.235950589330180
-0.250866031369274
-0.233244388659052
-0.148956941077085
-0.111072017721726
-0.137621509122679
-0.0147063683169067
0.000295417984944899
-0.0295531688341282
0.0288782601122860
0.0144924008156636
-0.0436702335830235
0.0362715054460476
0.0285991747940346
0.0358621406868901
0.0359204930497620
-0.00325253028978281
0.0711943123676316
-0.00725225694811521
0.0154741584059000
0.0264161533582332
0.00529836718692167
-0.00550544528795758
-0.0118236983552511
0.00894112397280569
-0.0483452837879523
0.00434619169359079
-0.0482846936493190
-0.0456550535809629
-0.0590156734932327
-0.0206509930200859
-0.0567217452273427
-0.0580976270694200
-0.0450731850546806
-0.0475131597200456
-0.0502332356408730
-0.0478178909062174
-0.0467811735536097
-0.0470284736089275
-0.0464574997349585
-0.0457010373116280
-0.0452651813187011
-0.0100797302143662
-0.0492914569028440
-0.0831392079343559
-0.0296641614455259
-0.0677563570858853
-0.0436636026180474
-0.0375720396203729
-0.0119930136061809
-0.0505890889032396
-0.0124120318522429
-0.0396736268103460
-0.0432080107175292
-0.0321433931698800
-0.0330150682717736
-0.0352418563794600
-0.0331785403623195
-0.0319005132828073
-0.0318001605529033
-0.0311058837932484
-0.0301966398760090
-0.0295431136396526
-0.0288866443559788
-0.0281474095509546
-0.0274328317054988
-0.0267382501905290
-0.0260298783779698
-0.0253189147772180
-0.0246131997882183
-0.0239068272510777
-0.0231989251567651
-0.0224916745607614
-0.0217847362759745
-0.0210774945454139
-0.0203702368180029
-0.0196630822980193
-0.0189559030873310
-0.0182486969998523
-0.0175415066401306
-0.0168343206748745
-0.0161271285568539
-0.0154199371295583
-0.0147127480068448
-0.0140055585863818
-0.0132983530570582
-0.0471750367628706
-0.00683453077482454
-0.00647036464373419
-0.0189237685229311
-0.0146378327107455
-0.0109543514737488
-0.0125707770755592
-0.0124727954961990
-0.0111330766576933
-0.0107093311305982
-0.0104292634564785
-0.00980863154912123
-0.00923853644022962
-0.00876529946012894
-0.00824781399076926
-0.00771133643588362
-0.00719475993440608
-0.00667869456807884
-0.00615597872438240
-0.00563500012404519
-0.00511569832890892
-0.00459534921029502
-0.00407475227596346
-0.00355456890054108
-0.00303434845757066
-0.00251400371503023
-0.00199370685701439
-0.00147343704619361
-0.000953143910216466
-0.000432848614146850
8.74385253207232e-05
0.000607727447726373
0.00112801878186492
0.00164830916550395
0.00216859945048155
0.00268889058631286
0.00320918210710178
0.00372947396012575
0.00424976641151870
0.00477005949924201
0.00529035325710022
0.00581064776581969
0.00633094311394332
0.00685123937908426
0.00737153663548492
0.00789183496559600
0.00841213446329208
0.00893243521560912
0.00945272634428233
-0.0247508642926271
0.0155673201087387
0.0157411806695262
0.00307672038754969
0.00717594275746896
0.0106726673046431
0.00887419668401988
0.00878531413889137
0.0446949585390212
0.00509606825756508
0.00553649351145429
-0.0156062473654692
0.0210416594842773
0.0180048282329269
0.00746311160017374
0.0120001950741716
0.0146776612633933
0.0129719825118508
0.0131237204463927
0.0141733669625496
0.0143615578907853
0.0145031281234116
0.0149386122821445
0.0153054061743064
0.0155960852408993
0.0159308522227580
0.0162778263223384
0.0166069672833935
0.0169372239883583
0.0172729697278969
0.0176067897783711
0.0179393756373155
0.0182729429580001
0.0186066350504227
0.0189399754354171
0.0192733786969057
0.0196068817232086
0.0199403392518365
0.0202737807701537
0.0206072451894502
0.0209407118998645
0.0212741742277999
0.0216076408647496
0.0219411115817003
0.0222745836994555
0.0226080581562185
0.0229415356572743
0.0232750157722077
0.0236084984945653
0.0239419840468296
0.0242754724811087
0.0246089638000687
0.0249424580688073
0.0252759553795303
0.0256094557808590
0.0259429593298985
0.0262764660912073
0.0266099761219831
0.0269434894953856
0.0272770062730742
0.0276105265243930
0.0279440502963217
0.0282775776785700
0.0286111087270313
0.0289446435208616
0.0292781821117296
0.0296117245668498
0.0299452709641196
0.0302788213754088
0.0306123758778941
0.0309459345141803
0.0312794973723844
0.0316130645163247
0.0319466360313092
0.0322802119746495
0.0326137924231888
0.0329473774508182
0.0332809671324103
0.0336145615391003
0.0339481607444893
0.0342817648279238
0.0346153738588851
0.0349489879010954
0.0352826070571579
0.0356162313722093
0.0359498609322497
0.0362834958127453
0.0366171360926216
0.0369507818549398
0.0372844331468900
0.0376180900763405
0.0379517527076431
0.0382854210976363
0.0386190953461991
0.0389527755230085
0.0392864616820759
0.0396201539278345
0.0399538523060073
0.0402875569278886
0.0406212678369522
0.0409549851088456
0.0412887088263740
0.0416224390676069
0.0419561242340013
0.00672775415678070
0.0477556262408629
0.0477387399920642
0.0348621972650937
0.0387140098304881
0.0419856122541246
0.00443194301284186
0.0449273970348167
0.0454989499661516
0.0323639584831398
0.0357927464354011
0.0389569057370567
0.00120661826479453
0.0415336708050794
0.0419109926810436
0.0286164816617866
0.0318455679958670
0.0348066826992541
0.0325896571190729
0.0319038426923137
0.0324363271279041
0.0321420110563480
0.0316913481069897
0.0315470699481233
0.0313669450365040
0.0310994749578325
0.0308677734863976
0.0306538386146832
0.0304235814004037
0.0301922351075630
0.0299663776101761
0.0297393341549256
0.0295108780042229
0.0292831926600615
0.0290557408721146
0.0288279790406495
0.0286002295167873
0.0283725750370125
0.0281448901434177
0.0279171835835078
0.0276894927737247
0.0274618044969429
0.0272341105654037
0.0270064174609399
0.0267787259642714
0.0265510337906327
0.0263233413315188
0.0260956491842339
0.0258679570290861
0.0256402647625198
0.0254125724673565
0.0251848801388714
0.0249571877218615
0.0247294951808778
0.0245018025226687
0.0242741096989590
0.0240464166762699
0.0238187234326103
0.0235910299215828
0.0233633361186548
0.0231356419759507
0.0229079474527800
0.0226802524972248
0.0224525570745381
0.0222248611248982
0.0219971645902172
0.0217694674382255
0.0215417696048871
0.0213140710281154
0.0210863716416152
0.0208586713824502
0.0206309702043931
0.0204032680129387
0.0201755647556751
0.0199478603618679
0.0197201547484139
0.0194924478353868
0.0192647395501280
0.0190370298179888
0.0188093185326397
0.0185816056313866
0.0183538910281437
0.0181261746162708
0.0178984563079646
0.0176707360134824
0.0174430136340978
0.0172152890700061
0.0169875622294675
0.0167598330098763
0.0165321013048569
0.0163043669946310
0.0160766299970516
0.0158488901931634
0.0156211474772143
0.0153934017259416
0.0151656528270542
0.0149379006735317
0.0147101451519261
0.0144823861404589
0.0142546235181644
0.0140268571800144
0.0137990869938021
0.0135713128410511
0.0133435346096381
0.0131157521715318
0.0128879653997387
0.0126601741820458
0.0124323783878672
0.0122045779015360
0.0119767726033086
0.0117489623632537
0.0115211470714481
0.0112933266124903
0.0110655008465215
0.0108376696681234
0.0106098329577404
0.0103819906023810
0.0101541424900869
0.00992628850736018
0.00969842855197356
0.00947056250465801
0.00924269027141896
0.00901481174318318
0.00878692684523926
0.00855903544900791
0.00833113747115769
0.00810323284952659
0.00787532147259826
0.00764740327383804
0.00741947817695541
0.00719154611679357
0.00696360702680532
0.00673566084424404
0.00650770752585567
0.00627974700998946
0.00605177927275277
0.00582380428513588
0.00559582200082275
0.00536783241178097
0.00513983551939574
0.00491183130646136
0.00468381979114648
0.00445580097835583
0.00422777490724607
0.00399974158976374
0.00377170108434397
0.00354365344308030
0.00331559872263697
0.00308753700477359
0.00285946836736986
0.00263139290986743
0.0242520581865852
-0.294953331944182
-0.816330495117999
-1
-1
-1
-1
-1
-1
-1
-1
-1
-1
-1
-1
-1
-1
-1
-1
-1
-1
-1
-1
-1
-1
-1
-1
-1
-1
-1
-1
-1
-1
-1
-1
-1
-1
-1
-1
-1
-1
-1
-1
-1
-1
-0.755354066816103
-0.176048594360784
-0.0441977610781303
-0.0141182799314747
0.985881720068525
0.288495449520946
0.284192111054115
0.161015016713454
0.862640915641941
0.777897911428866
0.955162032996118
1
0.719806170451524
1
1
1
0.973429091104114
1
1
1
1
1
1
1
1
0.999335319588955
1
1
1
1
0.982229495866219
0.890422233000568
0.771520048919920
0.725517618016303
0.582524754148471
0.515303609764339
0.381759298331699
0.222370045140209
0.110265276601901
0.0476006763234183
-0.0458552230489875
-0.109339352848061
-0.124739160517440
-0.208499549842648
-0.204142984522003
-0.334066270243955
-0.242508164714964
-0.255226852630978
-0.279903096976399
-0.255551644494999
-0.200083988459122
-0.222145342954257
-0.224320127867256
-0.0988078761860261
-0.0622975283108799
-0.0611813771607918
-0.00471563950041916
0.0277771653103452
-0.00814555004396443
-0.0136452342860020
0.0289503580097771
-0.0145995642061937
-0.0201319957996813
-0.00610593117965784
-0.0116561844934838
-0.0178352722960853
-0.0490135273889682
-0.0114165260989685
-0.0467699544284240
-0.0559775504197387
-0.0470275365737576
-0.0531957863390988
-0.0611874655218664
-0.0631555961857830
-0.0336703399351357
-0.0767680700704927
-0.0476168619338339
-0.0755063916641932
-0.0506671761545514
-0.0496855482217586
-0.0926552686584533
-0.0523337957458431
-0.0501417847470254
-0.0329177528542910
-0.0671460132347684
-0.0621347540862710
-0.0505631769723062
-0.0548047615872940
-0.0561730144571385
-0.0524565668709671
-0.0182178513061379
-0.0558651064196891
-0.0534371426601016
-0.0374001314821364
-0.0396386036708662
-0.0407637682144420
-0.0682403699510125
-0.0266781018059764
-0.0580776375261847
-0.0302558386978801
-0.0557043410645045
-0.0573866058239571
-0.0473936235561294
-0.0495188051510834
-0.0191531578121829
-0.0555681089401096
-0.0544512299547599
-0.0411078083836338
-0.0449615329716362
-0.0478533932226646
-0.0449014214239991
-0.0441034448315230
-0.0447247512573480
-0.0441374116506271
-0.0434177433124053
-0.0431704579977632
-0.0428241086499648
-0.0423398370817793
-0.0419336058638942
-0.0415524154044386
-0.0411356177733512
-0.0407208979676637
-0.0403182276892214
-0.0399110775330417
-0.0395010071946329
-0.0390934304528677
-0.0386861161554527
-0.0382778244765849
-0.0378697353973945
-0.0374619264470182
-0.0370539533934571
-0.0366459265540511
-0.0362379706956000
-0.0358300083828621
-0.0354220195653724
-0.0350140384967587
-0.0346060621903381
-0.0341980798039378
-0.0337900961599470
-0.0333821140602954
-0.0329741313156700
-0.0325661479840560
-0.0321581652016512
-0.0317501829806319
-0.0313422012542573
-0.0309342203794339
-0.0305262406160476
-0.0301182620892911
-0.0297102849662585
-0.0293023094764588
-0.0288943357675433
-0.0284863640144369
-0.0280783943710095
-0.0276704270107868
-0.0272624620942307
-0.0268544997601616
-0.0264465401595290
-0.0260385834121115
-0.0256305629829671
-0.0581839456898340
-0.0193911312628020
-0.0194122737423442
-0.0328718019863615
0.00463599547366127
-0.0299940879181125
-0.0649418456050921
-0.0129111296910279
-0.0161735284445423
-0.0333397978508005
-0.0264936000116825
-0.0221184557179775
-0.0255396710472302
-0.0256682144365651
-0.0240356518030261
-0.0241218960529167
-0.0243043433687392
-0.0238441547121403
-0.0235484853383217
-0.0234310782474931
-0.0231998508659804
-0.0229402720227643
-0.0227300605407059
-0.0225146877095551
-0.0222833078878835
-0.0220587253937361
-0.0218377519004272
-0.0216132401007340
-0.0213885391202875
-0.0211651620391848
-0.0209414458850767
-0.0207173655829433
-0.0204935221909330
-0.0202697386137825
-0.0200458552527825
-0.0198219847035358
-0.0195981490651518
-0.0193743013273119
-0.0191504481815373
-0.0189266043183216
-0.0187027628259124
-0.0184789205965377
-0.0182550810726152
-0.0180312442890297
-0.0178074090126057
-0.0175835756259304
-0.0173597444437666
-0.0171359152270739
-0.0169120879353555
-0.0166882626646021
-0.0164644393817374
-0.0162406180599399
-0.0160167987241527
-0.0157929813503538
-0.0155691659384425
-0.0153453524871251
-0.0151215409784576
-0.0148977314082510
-0.0146739237671771
-0.0144501180400536
-0.0142263142112906
-0.0140025122749941
-0.0137787122320246
-0.0135549140505601
-0.0133311177263352
-0.0131073232498692
-0.0128835305799282
-0.0126597397260979
-0.0124359506619139
-0.0122121633710073
-0.0119883778250883
-0.0117645939937382
-0.0115408118876495
-0.0113170314941903
-0.0110932527330381
-0.0108694756328543
-0.0106457001672387
-0.0104219262750734
-0.0101981539547265
-0.00997438318352090
-0.00975061393476380
-0.00952684616702356
-0.00930307986359182
-0.00907931499156013
-0.00885555151538656
-0.00863178940627022
-0.00840802862758281
-0.00818426915468456
-0.00796051095833829
-0.00773675397853167
-0.00751299820513783
-0.00728924357686824
-0.00706549005849527
-0.00684173764412585
-0.00661798626507731
-0.00639423587923095
-0.00617048644448727
-0.00594673793162983
-0.00572299028985092
-0.00549924346247833
-0.00527549740537765
-0.00505175207772141
-0.00482800744352029
-0.00460426344115808
-0.00438052001819414
-0.00415677711971223
-0.00393303470599741
-0.00370929270611822
-0.00348555108300789
-0.00326180976726192
-0.00303806870262296
-0.00281432785016735
-0.00259058713065806
-0.00236684646453811
-0.00214310582258558
-0.00191936512381226
-0.00169562431367018
-0.00147188333079066
-0.00124814209571185
-0.00102440054134538
-0.000800658604544906
-0.000576916209513603
-0.000353173280502528
-0.000129429751718146
9.43144597687499e-05
0.000318059414054270
0.000541805212122029
0.000765551915977498
0.000989299606786300
0.00121304837090487
0.00143679829548554
0.00166054944372874
0.00188430192661099
0.00210805583457592
0.00233181123489403
0.00255556823162582
0.00277932691658922
0.00300308738650489
0.00322684971327024
0.00345061402295449
0.00367438040719140
0.00389814894484032
0.00412191976066117
0.00434569295538497
0.00456946862773489
0.00479324687016847
0.00501702782507399
0.00524081157119154
0.00546459822765368
0.00568838792286859
0.00591218075304784
0.00613597682971423
0.00635977630328422
0.00658357926976182
0.00680738584944657
0.00703119617913537
0.00725501037229820
0.00747882856400745
0.00770265088130044
0.00792647745025925
0.00815030839225847
0.00837414387841008
0.00859798403258332
0.00882182896842465
0.00904567884702937
0.00926953380296358
0.00949339400059220
0.00971725955908701
0.00994113064468168
0.0101650074031028
0.0103888899756184
0.0106127785290639
0.0108366732215378
0.0110605741982974
0.0112844816329658
0.0115083956817344
0.0117323165212181
0.0119562443074607
0.0121801792112526
0.0124041213983418
0.0126280710465639
0.0128520283330313
0.0130759934297220
0.0132999665301314
0.0135239477997604
0.0137479374155831
0.0139719355888373
0.0141959424888581
0.0144199583155659
0.0146439832518308
0.0148680175061966
0.0150920612534350
0.0153161146969357
0.0155401780591611
0.0157642515194043
0.0159883352926004
0.0162124295965395
0.0164365346318569
0.0166606505992591
0.0168847777124339
0.0171089161941001
0.0173330662634943
0.0175572281458299
0.0177814020462430
0.0180055881962874
0.0182297868272237
0.0184539981660117
0.0186782224266389
0.0189024598667151
0.0191267106990073
0.0193509751649101
0.0195752534998131
0.0197995459562296
0.0200238527547770
0.0202481741500403
0.0204725103811466
0.0206968616844358
0.0209212283349409
0.0211456105656056
0.0213700086258373
0.0215944227765579
0.0218188532639158
0.0220433003444089
0.0222677642807391
0.0224922453226039
0.0227167437267596
0.0229412597605272
0.0231657936833298
0.0233903457705906
0.0236149162647176
0.0238395054370270
0.0240641135546275
0.0242887408839340
0.0245133876809111
0.0247380542355663
0.0249627407938200
0.0251874476443909
0.0254121750301406
0.0256369232353562
0.0258616925254321
0.0260864831637932
0.0263112954215151
0.0265361295692933
0.0267609858645097
0.0269858645831243
0.0272107659970372
0.0274356903505785
0.0276606379323240
0.0278856089867951
0.0281106037901681
0.0283356225867652
0.0285606656353834
0.0287857332216170
0.0290108255580930
0.0292359429248317
0.0294610855695288
0.0296862537194047
0.0299114476361050
0.0301366675701183
0.0303619137481234
0.0305871863999987
0.0308124857596774
0.0310378120661542
0.0312631655411316
0.0314885463965325
0.0317139548470023
0.0319393911062626
0.0321648553947890
0.0323903478847452
0.0326158687832563
0.0328414182824429
0.0330669965694439
0.0332926038163027
0.0335182401834529
0.0337439058454459
0.0339696009538385
0.0341953256609142
0.0344210800928424
0.0346468643886895
0.0348726786821494
0.0350985230820920
0.0353243976913903
0.0355503025955531
0.0357762379007891
0.0360022036929304
0.0362278898507786
0.00180012632394269
0.0420310244841409
0.0418597830692850
0.0285227034149261
0.0325332394428462
0.0358786699009588
0.0336324163967689
0.0332373499777434
0.0341651784133426
0.0340921817809088
0.0338703292953905
0.0340242809803996
0.0341185313898148
0.0341054171495002
0.0341432436223900
0.0342018846448306
0.0342376321186987
0.0342731240929071
0.0343162649235746
0.0343572825098380
0.0343963916610386
0.0344367567802509
0.0344773927397728
0.0345175404141794
0.0345577434444014
0.0345980950183343
0.0346383892609896
0.0346786547766158
0.0347189509375602
0.0347592512166894
0.0347995436854758
0.0348398404356304
0.0348801418374432
0.0349204437757304
0.0349607472767872
0.0350010533359564
0.0350413612612432
0.0350816708997061
0.0351219824677243
0.0351622959132140
0.0352026111342872
0.0352429281279425