0.150000000000000
0.300000000000000
0.450000000000000
0.600000000000000
0.750000000000000
0.900000000000000
1
1
1
1
1
1
1
1
1
1
1
1
1
1
1
1
1
0.977127616869175
0.971461998280765
0.960442630561713
0.909679768131279
0.941546836800377
0.913703815149933
0.916410784986988
0.948751853964913
0.915614669010589
0.947885100813539
0.939235704307391
0.915103879367021
0.946447277768893
0.907938919301974
0.925770997248292
0.935815788542508
0.909154879045836
0.952827511101963
0.926464951886730
0.930655805450535
0.950286505919317
0.907712470550619
0.940379980296729
0.924047988996638
0.914129984088497
0.953228006768997
0.913699586909600
0.940850200773943
0.941452249053852
0.917891471899635
0.952612081832652
0.918673405018789
0.923845934257173
0.944750479198852
0.907941243349994
0.954737197986922
0.927502410702074
0.924284551789141
0.948210099792040
0.908859188555719
0.942563602841058
0.936725505682693
0.919726008157345
0.954350200027006
0.913658167811911
0.932698791548080
0.938269169727118
0.914857105126079
0.953785444954423
0.926267072009197
0.927300424282954
0.949073242918919
0.910358669980609
0.947686246122024
0.927741296574468
0.916560719315541
0.953077662964755
0.916730727575549
0.943087520210766
0.942612164436882
0.918270450673981
0.957468954380024
0.923559929253903
0.932691263275708
0.946631394606235
0.912644391504258
0.950339270988289
0.930359617819736
0.927374353195279
0.953211971492823
0.915716630931752
0.944867338550320
0.936549578591980
0.920244804952793
0.958830441588949
0.924080093327044
0.937355967807485
0.930284282496977
0.891378968183161
0.929743615888499
0.899704143438261
0.918850496981607
0.943355752289922
0.913645616700196
0.949549773967568
0.931046763230795
0.916407685195922
0.944025858409304
0.901571280770975
0.929708612036262
0.926140311967295
0.908537010044120
0.947585735919247
0.914122671064648
0.928295529346654
0.938152022545904
0.904442164334960
0.947931959498116
0.919338318857586
0.927094510219135
0.949791331814024
0.915576164229632
0.942984642130678
0.935373610019345
0.911991899254957
0.952709097872272
0.911725574051356
0.941030258672443
0.944088026145707
0.919682730649923
0.954819242378400
0.925865828549741
0.928058702849628
0.948552439684333
0.908220872540660
0.952666741870764
0.932357402765386
0.929218073203016
0.957218262255768
0.918477496294265
0.941957831076379
0.937366228904069
0.912435301289316
0.953658682188944
0.921833823043156
0.939711663407234
0.951299462841992
0.915732591147643
0.952662834405150
0.916306072455400
0.919109079442901
0.944660286108338
0.914739959689425
0.951057183660474
0.941296983601795
0.926746889276030
0.958688227699948
0.918266059063277
0.936768948295061
0.936299062762521
0.907109442136770
0.954772118023842
0.918641969594321
0.934742009691384
0.938932389583807
0.900236222625110
0.928669681436299
0.907501496998555
0.908782000364454
0.955500905373786
0.917696718435441
1
0.998687572718732
1
1
1
1
1
0.941223765399899
0.929935651466526
0.779935651466525
0.629935651466526
0.479935651466526
0.329935651466526
0.179935651466526
0.0299356514665255
-0.120064348533475
-0.270064348533475
-0.420064348533475
-0.570064348533475
-0.573770880041176
-0.423770880041176
-0.273770880041176
-0.123770880041176
0.0262291199588239
0.145545526541311
0.139008670352580
0.100036524018536
0.00842691134308052
-0.0116604662446623
-0.0217827032422269
0.0277206586820655
0.0525918909914662
0.0464778711781982
0.0513742382919646
0.0474530192503208
0.0505885578396968
0.0480812757569941
0.0500861828130075
0.0484829917197583
0.0497649572222311
0.0487398545027546
0.0495595611044152
0.0489040961446215
0.0494282279652595
0.0490091145385224
0.0493442517264487
0.0490767074198927
0.0492902914641268
0.0491197845879439
0.0492559024095251
0.0491472378103794
0.0492339861506800
0.0491647338403225
0.0492200188460440
0.0491758841183815
0.0492111174363566
0.0491829902276644
0.0492054072532748
0.0491875411705534
0.0492017802099941
0.0491904318776621
0.0491994763533975
0.0491922680219057
0.0491980129699177
0.0491934343198239
0.0491970834453926
0.0491941751389828
0.0491964930219972
0.0491946488043370
0.0491961161513762
0.0491949486604775
0.0491958775716090
0.0491951384858558
0.0491957265375349
0.0491952586557285
0.0491956309246847
0.0491953347298470
0.0491955703965080
0.0491953828889351
0.0491955318251103
0.0491954135259721
0.0491955074902900
0.0491954328549784
0.0491954921373726
0.0491954450497115
0.0491954824511670
0.0491954527434083
0.0491954763401084
0.0491954575973866
0.0491954724846216
0.0491954606801255
0.0491954700402335
0.0491954700402335
0.0491954700402335
0.0491954700402335
0.0491954700402335
0.0491954700402335
0.0491954700402335
0.0491954700402335
0.0491954700402335
0.0491954700402335
0.0491954700402335
0.0491954700402335
0.0491954700402335
0.0491954700402335
0.0491954700402335
0.0491954700402335
0.0491954700402335
0.0491954700402335
0.0491954700402335
0.0491954700402335
0.0491954700402335
0.0491954700402335
0.0491954700402335
0.0491954700402335
0.0491954700402335
0.0491954700402335
0.0491954700402335
0.0491954700402335
0.0491954700402335
0.0491954700402335
0.0491954700402335
0.0491954700402335
0.0491954700402335
0.0491954700402335
0.0491954700402335
0.0491954700402335
0.0491954700402335
0.0491954700402335
0.0491954700402335
0.0491954700402335
0.0491954700402335
0.0491954700402335
0.0491954700402335
0.0491954700402335
0.0491954700402335
0.0491954700402335
0.0491954700402335
0.0491954700402335
0.0491954700402335
0.0491954700402335
0.0491954700402335
0.0491954700402335
0.0491954700402335
0.0491954700402335
0.0491954700402335
0.0491954700402335
0.0491954700402335
0.0491954700402335
0.0491954700402335
0.0491954700402335
0.0491954700402335
0.0491954700402335
0.0491954700402335
0.0491954700402335
0.0491954700402335
0.0491954700402335
0.0491954700402335
0.0491954737755529
0.0491954825985640
0.0491954874305940
0.0491955108884498
0.0491955215857785
0.0491955318704161
0.0491955262007491
0.0491955330462227
0.0491954812846202
0.0491954292765247
0.0491953511981328
0.0491952794489433
0.0491952027441507
0.0491952347854670
0.0491951965174755
0.0491951907722777
0.0491951264773935
0.0491951080254713
0.0491949847168159
0.0491949519531968
0.0491949755971753
0.0491953045421010
0.0491953948948204
0.0491973445950073
0.0491990188875976
0.0492017573716109
0.0492031851824867
0.0492056372790538
0.0491955199467704
0.0491798250075765
0.0491453027183565
0.0490939398378846
0.0490557215866415
0.0489886505274909
0.0490186830974725
0.0491733422352732
0.0496179278587485
0.0498368430324276
0.0516110343467044
0.0528579422677347
0.0545529839962356
0.0542504994144493
0.0553417482352732
0.0404109068223184
0.0220624083918325
-0.0119058465515483
-0.0502413814793241
-0.106826874489652
-0.124696648993924
0.00689266051904230
0.156892660519042
0.306892660519042
0.456892660519042
0.606892660519042
0.756892660519042
0.906892660519042
1
1
1
1
1
1
1
0.932121333855902
0.896953936107763
0.761220846337594
0.734345337069153
0.707619760288639
0.781682673520592
0.817354023555224
0.849255847424615
0.794800665654512
0.744456553790767
0.687070038254546
0.702168043790079
0.735188105276881
0.793919651316611
0.820028587135533
0.815263351659243
0.766639630664678
0.717723174710730
0.696175966873107
0.712877802614092
0.753814255293196
0.793383957162635
0.803969549016795
0.781853085961251
0.744716889206330
0.717624283543103
0.719608465428040
0.747837022516443
0.780499620077124
0.796175549573338
0.775345701290600
0.745346992920592
0.718868331792516
0.719895260930195
0.738219788583687
0.771350221568744
0.790750223000752
0.787179737705818
0.767753649667733
0.738704934097215
0.722732166001085
0.727766245280691
0.745277656246814
0.764606825662468
0.775226387564281
0.774367953432603
0.768795861716489
0.757390854304646
0.751968988859530
0.745640603637752
0.758770358696833
0.761941675375381
0.765592344347377
0.761652291198369
0.753439872702428
0.750528123191264
0.751773571492470
0.758421100515785
0.770613340387492
0.777856723737659
0.775286532155634
0.763254789218394
0.748022267977288
0.744513931905797
0.750967049981427
0.763947241193868
0.776201013663894
0.770339472297652
0.768477139444055
0.758096895717248
0.758188097909780
0.757779396561622
0.764156824514668
0.764548391843545
0.766993873208973
0.759897836826096
0.756476544171418
0.750776203267438
0.756837533822856
0.759165073988943
0.771587015238982
0.774264985984521
0.777008448290118
0.762747430403757
0.747034492426106
0.738392447376086
0.743459486665043
0.754978830688617
0.771016976431745
0.778505321698135
0.776968866128550
0.768459931179548
0.758611640804871
0.754679243183008
0.755032556784870
0.759709219924051
0.760473324830328
0.763481618363060
0.760649329016663
0.762110705913168
0.759882922125207
0.764170464456016
0.766190837957966
0.771428494660774
0.768966700690905
0.758287833730771
0.753529595771013
0.746710271172562
0.754656016153265
0.759894386018763
0.769005045638560
0.771297452047606
0.768818859427338
0.754077120029817
0.752720525160717
0.751024456975193
0.766760132562160
0.775279357085179
0.776275455063848
0.767682417862566
0.756718429158491
0.747558178663736
0.753234338958212
0.764538770066781
0.773351028886486
0.774642466535682
0.770733834083425
0.758714066008402
0.753525592378383
0.746696111356981
0.748875929817950
0.752860419066373
0.764823702185228
0.767208338011539
0.772311184331231
0.756801564613074
0.759715234023153
0.753422566881920
0.766483517120915
0.766714958318255
0.767613342593736
0.759659441864913
0.754160583812275
0.750153231329282
0.749861128039760
0.756859181058537
0.766462744575139
0.774774014619410
0.775575927639736
0.769503726710227
0.759881355125931
0.747262710123650
0.744955119708499
0.748283954155268
0.760436187314054
0.769813879586531
0.775729922230807
0.772007382599392
0.766735680632372
0.752811789837165
0.750520688928725
0.750783602446845
0.758699369139885
0.760645298760901
0.765518209902136
0.762977927724731
0.759715420393795
0.753172087961568
0.757590142318530
0.766124230414796
0.769460538379126
0.768351135159818
0.761714576267705
0.758703972316475
0.755177487642351
0.753894934032269
0.750918556424601
0.754447226022300
0.756478391078137
0.762677984780424
0.772578846908129
0.781168236496856
0.789838608764122
0.797402721014889
0.821258266929750
0.850502909841309
0.872301982525126
0.824767103370286
0.674767103370286
0.524767103370286
0.374767103370286
0.224767103370286
0.0747671033702856
-0.0752328966297144
-0.196226406402706
-0.338980538923020
-0.188980538923020
-0.0389805389230195
0.111019461076980
0.261019461076981
0.411019461076981
0.504224386789806
0.437584995198474
0.326476412908007
0.221333722733633
0.169535358876373
0.227216290186853
0.302560032241727
0.328924456693385
0.405767154741451
0.366447252515397
0.316503590299759
0.293755456673317
0.239033122153610
0.263232229208728
0.321894440449022
0.321071956880602
0.362035565679224
0.349262237915086
0.291995384710724
0.305013305422981
0.269261374376441
0.277349542567561
0.330854102489319
0.321601871360940
0.334960493703592
0.342603966450319
0.282881921196490
0.300150839479830
0.296186383888757
0.284160566740815
0.335187330983129
0.329458942219050
0.312782012138763
0.335244829487684
0.284078089373613
0.292271201062267
0.314704275408417
0.290403103177620
0.327918191933401
0.331456437786556
0.298371680386916
0.323611219040423
0.296705148791002
0.282207406338966
0.326110649412254
0.304419928221631
0.321512974647555
0.340911100598715
0.297630757653163
0.319491128661079
0.314813099311693
0.287193583294552
0.325462016783239
0.312473707985707
0.303398483928809
0.341506028649159
0.303970086095690
0.308662833435897
0.323973465460814
0.288829885621259
0.320338941449148
0.328206843116559
0.300345739948912
0.339733135694492
0.311165576418810
0.299984305080982
0.325864888298974
0.295296912213329
0.307609808788235
0.332863053036517
0.297526946122516
0.329883148492604
0.326259355765457
0.295508490538694
0.323936827501719
0.306253815322199
0.295170938500773
0.335460283270690
0.304282685177842
0.314309226557149
0.332262182806610
0.290468289477839
0.315720170422697
0.316362481564325
0.290339795951393
0.333732626540430
0.317316591198633
0.301840367490362
0.334474345516012
0.298398779038328
0.309170056503393
0.328855196460303
0.297450914958308
0.322895068264918
0.329054107406380
0.293784036680412
0.331379316397590
0.309285030355343
0.297389645699909
0.329676039602610
0.303300627132583
0.307931086180802
0.332467537005314
0.293795570921517
0.320303719441606
0.322682090626742
0.294012143577995
0.332480202335803
0.316027146932818
0.302982044310264
0.336326499064756
0.299992897459883
0.303967548711885
0.327549406806240
0.291530574060618
0.321427608310588
0.325486372421847
0.297075249708351
0.332625894531039
0.316844714224829
0.298920983607222
0.333946854727669
0.297833933794500
0.305012827153613
0.329151250672086
0.297936179146779
0.323013176249058
0.329260304468569
0.293302500430039
0.326767854017501
0.312077751518728
0.293908758489623
0.332517269608203
0.303299382232888
0.311269642201610
0.336252866746256
0.294366417876786
0.316508004730216
0.317809715205049
0.283973360073251
0.317699281342825
0.308605447323806
0.292331376529996
0.334518049347612
0.306736864693503
0.305984055001312
0.327930357890848
0.285372683622838
0.309418222131253
0.322537863887486
0.295785581381081
0.332085414355319
0.316497949102897
0.291349669715273
0.327305862822101
0.295231233986764
0.300823601426132
0.331975468129000
0.294860008650835
0.319006173525575
0.320920723301056
0.286901687322990
0.322600530606384
0.316081665177870
0.293543744513187
0.334856742546924
0.302149458349080
0.305743033072896
0.323331721615646
0.290792634050548
0.312753833359801
0.328200094963766
0.294113196448483
0.332170360598284
0.315526982996588
0.292950191007624
0.327826373109700
0.297689818658704
0.303122377783119
0.337742054445271
0.303156256369540
0.317745854066769
0.317402594177181
0.269751304291072
0.302952219349280
0.294857849864514
0.273213226980805
0.318284969176180
0.293155694969494
0.342601562397927
0.454876126225220
0.545507792367602
0.695507792367602
0.845507792367602
0.908842402727325
0.758842402727325
0.608842402727325
0.458842402727325
0.331156600183844
0.350390895607458
0.446557290274966
0.575020920893910
0.642524301210665
0.625037980539134
0.526976581356724
0.436160123072170
0.405863454878660
0.434808323219495
0.484847548988960
0.544278953283328
0.572692231837299
0.570371862944515
0.525379597252844
0.472888231854351
0.429609032609837
0.447283587693106
0.502336694968272
0.554586267685404
0.563406544108418
0.532025349206344
0.483527292472416
0.468882893355982
0.477725510851737
0.498262691208825
0.510992247108984
0.520879105205485
0.525242124851063
0.528020730682946
0.513922915763686
0.486023225839709
0.466965461173566
0.484488371115081
0.516810696903581
0.538303608206789
0.530150280654812
0.503609305619714
0.486022180958006
0.493255956171431
0.504624580967515
0.508499556960566
0.503051063609780
0.507845676524640
0.517497677189303
0.522174310623139
0.512209141900759
0.489075315962852
0.484558155379015
0.505110704204192
0.526098148121831
0.528385295981806
0.509171172157749
0.490255050126180
0.496083461225942
0.511129692983880
0.517444005872567
0.504548806650827
0.496633373798197
0.501892187157464
0.520475193900779
0.521473037388797
0.508037088767482
0.488732499258909
0.494599054294266
0.512963183968858
0.524907205556057
0.514487398189385
0.498202263861693
0.491586731176880
0.505289007352569
0.512165970661192
0.509102854928086
0.495102553570132
0.497643496640310
0.510953591880680
0.520828035812877
0.511774022160820
0.492046537998464
0.485833380771395
0.502106127445407
0.520729757211705
0.519608891895946
0.503190405248186
0.491363798509702
0.500029251866632
0.514707435593740
0.515516887659047
0.499865415920139
0.486696339184976
0.497302517184561
0.513164128812897
0.520424802190268
0.508577862980900
0.495276220105591
0.499260674451528
0.514298910315969
0.520102488504744
0.505139193236200
0.489222162830975
0.492591528870144
0.514477720696525
0.526510925389226
0.515577566788127
0.491617974814868
0.486908561830520
0.503252658662629
0.519726182034444
0.516397612057312
0.502312033178770
0.492138921785323
0.504033156001645
0.516584604933852
0.515321193624346
0.501754212132005
0.492534930560797
0.507471513528958
0.522258492826756
0.523463081773383
0.502877041393824
0.487952404715986
0.493541546791401
0.510567177610647
0.522236792380888
0.511083776862046
0.499364727312018
0.499908097231389
0.515960264340902
0.523378060289211
0.512112676980178
0.498317275279370
0.500024821771264
0.514627839348258
0.523086148647638
0.514483065752112
0.496701014805295
0.492831971561419
0.508055661354698
0.522957526472103
0.520306289361438
0.502219110237698
0.494160579501009
0.504509917177093
0.519602724347672
0.521349893570865
0.507536321962223
0.499764729614544
0.510827777964727
0.522812220617901
0.519673682657380
0.497269561047179
0.486346333919583
0.497378881699176
0.520534521218906
0.529414172193980
0.517628968128138
0.497444139738257
0.496880908934116
0.515107675009321
0.524046138802754
0.515142904201256
0.499328215888297
0.499054090472989
0.513831947998881
0.523102128495577
0.513479753829195
0.495218339567842
0.496330485658019
0.511488429229182
0.526830213069603
0.519619853616932
0.501224670230971
0.491179141567105
0.505941025858272
0.522131692368120
0.519852700680729
0.505542049405846
0.493933837357522
0.507139267788112
0.523279479295057
0.525361920889170
0.505901133014052
0.491764065552350
0.498558386590621
0.515634547469633
0.521957487174090
0.509731104869901
0.493738771283521
0.502615813233401
0.520516251813832
0.527045813603796
0.511331332909930
0.493095895845517
0.493512705471011
0.515683646513072
0.526784630272025
0.524136548953391
0.501198206254286
0.497523435001995
0.509460158185352
0.523975201619141
0.522198183703221
0.507344502302789
0.497348538934884
0.507103573633783
0.520764050255883
0.518681047164227