1
1
1
1
1
1
1
1
1
1
1
1
1
1
1
1
1
0.943612624465053
0.568155702198752
0.315487767270882
0.448682841387117
0.616975562273224
0.293230903806076
0.152208512406277
0.143623821986218
-0.137616571323320
0.115445062250753
0.721140470810371
-0.239650409511676
0.297890703389257
0.740707539876155
-0.186787073929826
-1
-1
-0.329590829479489
0.0585913153276645
-0.922790625073536
-0.702891193100519
-0.106336750724940
-0.0250935580351093
0.000326862890685398
-0.280204685589067
-0.259948787797438
-0.437602076390894
-0.407697464957954
-0.418802388513575
-0.250481155424701
-0.278948061094127
-0.291854364903553
-0.269595989485603
-0.252502137201818
-0.247979426439935
-0.260071332707333
-0.261393477706634
-0.257924782114032
-0.170808221460251
-0.233491343900014
-0.243274122456334
-0.192002573656948
-0.112599281475662
-0.0724041440291300
-0.0899001910579447
-0.0533748465765292
-0.0549366092030826
-0.0631576251328492
-0.0384560570888116
-0.0326112013276274
-0.0389638045460834
-0.0120201412484732
-0.0183727444669293
0.0230104730638936
-0.00811073065610478
0.00738283874638947
0.0236237732334080
0.0531832143268531
-0.0163987790433761
0.0201935978955441
0.00425931349328275
0.0419727380589897
0.0404780078899410
0.0456425310241061
0.0312029767908929
0.0504333716160088
0.0367411824673199
0.0563452598346977
0.0496860065314844
0.0363674999250579
0.0434004357705331
0.0633781956801729
0.0574663074614839
-0.00209328972517329
0.0115988994235156
0.0918836216043364
0.0519281017850569
0.0519281017850569
0.0582136725460082
0.0445214833973194
0.0441478008550575
0.0637518782224352
0.0567189423769596
0.0300819291641067
0.0297082466218447
0.0493123239892221
0.0559715772924353
0.0563452598346977
0.0496860065314844
0.0563452598346977
0.0563452598346977
0.0496860065314844
0.0563452598346977
0.0563452598346977
0.0563452598346977
0.0563452598346977
0.0563452598346977
0.0496860065314844
0.0563452598346977
0.0563452598346977
0.0496860065314844
0.0496860065314844
0.0563452598346977
0.0563452598346977
0.0496860065314844
0.0563452598346977
0.0630045131379109
0.0563452598346977
0.0563452598346977
0.0563452598346977
0.0496860065314844
0.0563452598346977
0.0563452598346977
0.0496860065314844
0.0563452598346977
0.0563452598346977
0.0563452598346977
0.0563452598346977
0.0496860065314844
0.0496860065314844
0.0563452598346977
0.0496860065314844
0.0496860065314844
0.0563452598346977
0.0563452598346977
0.0563452598346977
0.0496860065314844
0.0563452598346977
0.0496860065314844
0.0563452598346977
0.0563452598346977
0.0496860065314844
0.0496860065314844
0.0563452598346977
0.0563452598346977
0.0563452598346977
0.0630045131379109
0.0496860065314844
0.0563452598346977
0.0563452598346977
0.0496860065314844
0.0563452598346977
0.0496860065314844
0.0563452598346977
0.0630045131379109
0.0496860065314844
0.0496860065314844
0.0563452598346977
0.0563452598346977
0.0563452598346977
0.0563452598346977
0.0563452598346977
0.0563452598346977
0.0563452598346977
0.0496860065314844
0.0496860065314844
0.0630045131379109
0.0496860065314844
0.0496860065314844
0.0563452598346977
0.0563452598346977
0.0563452598346977
0.0496860065314844
0.0496860065314844
0.0563452598346977
0.0630045131379109
0.0563452598346977
0.0563452598346977
0.0496860065314844
0.0496860065314844
0.0563452598346977
0.0563452598346977
0.0496860065314844
0.0563452598346977
0.0563452598346977
0.0563452598346977
0.0563452598346977
0.0496860065314844
0.0563452598346977
0.0563452598346977
0.0630045131379109
0.0563452598346977
0.0496860065314844
0.0563452598346977
0.0563452598346977
0.0563452598346977
0.0563452598346977
0.0563452598346977
0.0563452598346977
0.0563452598346977
0.0496860065314844
0.0496860065314844
0.0563452598346977
0.0563452598346977
0.0630045131379109
0.0563452598346977
0.0496860065314844
0.0563452598346977
0.0563452598346977
0.0563452598346977
0.0563452598346977
0.0496860065314844
0.0496860065314844
0.0563452598346977
0.0563452598346977
0.0496860065314844
0.0563452598346977
0.0496860065314844
0.0563452598346977
0.0563452598346977
0.0563452598346977
0.0563452598346977
0.0563452598346977
0.0563452598346977
0.0563452598346977
0.0496860065314844
0.0563452598346977
0.0563452598346977
0.0563452598346977
0.0563452598346977
0.0496860065314844
0.0563452598346977
0.0563452598346977
0.0563452598346977
0.0563452598346977
0.0496860065314844
0.0563452598346977
0.0563452598346977
0.0563452598346977
0.0563452598346977
0.0496860065314844
0.0496860065314844
0.0563452598346977
0.0563452598346977
0.0563452598346977
0.0496860065314844
0.0496860065314844
0.0563452598346977
0.0563452598346977
0.0563452598346977
0.0563452598346977
0.0496860065314844
0.0563452598346977
0.0563452598346977
0.0563452598346977
0.0563452598346977
0.0563452598346977
0.0563452598346977
0.0563452598346977
0.0563452598346977
0.0563452598346977
0.0563452598346977
0.0563452598346977
0.0563452598346977
0.0563452598346977
0.0496860065314844
0.0496860065314844
0.0630045131379109
0.0563452598346977
0.0563452598346977
0.0496860065314844
0.0496860065314844
0.0563452598346977
0.0496860065314844
0.0563452598346977
0.0563452598346977
0.0563452598346977
0.0563452598346977
0.0563452598346977
0.0563452598346977
0.0496860065314844
0.0563452598346977
0.0563452598346977
0.0563452598346977
0.0563452598346977
0.0563452598346977
0.0496860065314844
0.0563452598346977
0.0563452598346977
0.0563452598346977
0.0496860065314844
0.0563452598346977
0.0563452598346977
0.0563452598346977
0.0563452598346977
0.0496860065314844
0.0563452598346977
0.0630045131379109
0.0563452598346977
0.0563452598346977
0.0496860065314844
0.0563452598346977
0.0563452598346977
0.0563452598346977
0.0563452598346977
0.0496860065314844
0.0563452598346977
0.0563452598346977
0.0563452598346977
0.0496860065314844
0.0563452598346977
0.0563452598346977
0.0496860065314844
0.0630045131379109
0.0563452598346977
0.0496860065314844
0.0630045131379109
0.0496860065314844
0.0630045131379109
0.0563452598346977
0.0563452598346977
0.0496860065314844
0.0563452598346977
0.0563452598346977
0.0563452598346977
0.0563452598346977
0.0496860065314844
0.0563452598346977
0.0563452598346977
0.0563452598346977
0.0563452598346977
0.0496860065314844
0.0563452598346977
0.0563452598346977
0.0630045131379109
0.0563452598346977
0.0563452598346977
0.0563452598346977
0.0496860065314844
0.0563452598346977
0.0630045131379109
0.0563452598346977
0.0496860065314844
0.0563452598346977
0.0563452598346977
0.0563452598346977
0.0563452598346977
0.0496860065314844
0.0563452598346977
0.0563452598346977
0.0563452598346977
0.0630045131379109
0.0563452598346977
0.0496860065314844
0.0563452598346977
0.0563452598346977
0.0630045131379109
0.0496860065314844
0.0563452598346977
0.0563452598346977
0.0496860065314844
0.0563452598346977
0.0563452598346977
0.0563452598346977
0.0563452598346977
0.0496860065314844
0.0563452598346977
0.0563452598346977
0.0563452598346977
0.0496860065314844
0.0563452598346977
0.0563452598346977
0.0563452598346977
0.0496860065314844
0.0563452598346977
0.0563452598346977
0.0496860065314844
0.0563452598346977
0.0563452598346977
0.0496860065314844
0.0496860065314844
0.0563452598346977
0.0563452598346977
0.0630045131379109
0.0563452598346977
0.0563452598346977
0.0496860065314844
0.0563452598346977
0.0563452598346977
0.0563452598346977
0.0563452598346977
0.0496860065314844
0.0563452598346977
0.0496860065314844
0.0563452598346977
0.0563452598346977
0.0563452598346977
0.0496860065314844
0.0496860065314844
0.0563452598346977
0.0630045131379109
0.0496860065314844
0.0563452598346977
0.0563452598346977
0.0496860065314844
0.0563452598346977
0.0563452598346977
0.0563452598346977
0.0496860065314844
0.0563452598346977
0.0563452598346977
0.0563452598346977
0.0563452598346977
0.0563452598346977
0.0563452598346977
0.0563452598346977
0.0563452598346977
0.0563452598346977
0.0496860065314844
0.0563452598346977
0.0496860065314844
0.0496860065314844
0.0563452598346977
0.0630045131379109
0.0563452598346977
0.0496860065314844
0.0563452598346977
0.0496860065314844
0.0563452598346977
0.0563452598346977
0.0563452598346977
0.0496860065314844
0.0563452598346977
0.0563452598346977
0.0630045131379109
0.0563452598346977
0.0563452598346977
0.0496860065314844
0.0496860065314844
0.0563452598346977
0.0563452598346977
0.0563452598346977
0.0496860065314844
0.0563452598346977
0.0496860065314844
0.0563452598346977
0.0630045131379109
0.0496860065314844
0.0496860065314844
0.0630045131379109
0.0496860065314844
0.0563452598346977
0.0563452598346977
0.0496860065314844
0.0563452598346977
0.0563452598346977
0.0496860065314844
0.0563452598346977
0.0563452598346977
0.0563452598346977
0.0563452598346977
0.0563452598346977
0.0563452598346977
0.0563452598346977
0.0563452598346977
0.0563452598346977
0.0496860065314844
0.0563452598346977
0.0563452598346977
0.0563452598346977
0.0563452598346977
0.0563452598346977
0.0563452598346977
0.0563452598346977
0.0496860065314844
0.0496860065314844
0.0563452598346977
0.0496860065314844
0.0563452598346977
0.0563452598346977
0.0496860065314844
0.0563452598346977
0.0630045131379109
0.0563452598346977
0.0563452598346977
0.0496860065314844
0.0563452598346977
0.0630045131379109
0.0563452598346977
0.0563452598346977
0.0563452598346977
0.0496860065314844
0.0563452598346977
-1
-1
-1
-1
-1
-1
-1
-1
-1
-1
-1
-1
-1
-1
-1
-1
-1
-1
-1
-1
-1
-1
-1
-1
-1
-1
-1
-1
-1
-1
-1
-1
-1
-1
-0.644417901309242
-0.966151586051244
-0.470358877124570
-0.805037385930736
-0.170761022890623
-0.295879154044072
-0.535018988894175
-0.421592081216238
0.369890583305157
0.367120724490372
-0.685128345978766
-0.756799865536761
-0.0215806877791684
-0.00369245405729512
1
0.857831422984894
1
0.886134239583399
1
0.638897445666569
0.922887681686952
0.974110702179630
1
0.776008914520855
0.770834383334720
0.619836612104913
0.357059232432024
0.682097523695706
0.803247707898108
0.703080770467919
0.584804485839402
0.427626696560886
0.425786796052343
0.414298181902489
0.379842347504899
0.337606212177309
0.292754299053885
0.237879989746887
0.187422838489531
0.127690656133127
0.171890748832299
0.190201193403143
0.200357654501725
0.189788990606143
0.171066343238300
0.170079360526523
0.155400188666058
0.139599969178806
0.122678702064769
0.111295640627157
0.0917585957172848
0.0785071215683631
0.0711675356381307
0.0564213313201603
0.0479606977631417
0.0383790165793363
0.0287973353955310
0.0118090358239881
0.0147984961620854
0.00372208480923138
0.0192826866692304
0.00783259277411447
-0.0176833728119518
-0.0165623251851655
-0.0154412775583793
-0.00840834171290367
-0.0413309256867079
-0.0409572431444460
-0.0276387365380195
-0.0413309256867079
-0.0346716723834947
-0.0346716723834947
-0.0350453549257566
-0.0487375440744455
-0.0354190374680190
-0.00915570679742798
-0.0295071492493301
-0.0428256558557566
-0.0365400850948053
-0.0431993383980185
-0.0369137676370672
-0.0435730209402804
-0.0369137676370672
-0.0302545143338540
-0.0372874501793296
-0.0372874501793296
-0.0439467034825428
-0.0372874501793296
-0.0372874501793296
-0.0306281968761163
-0.0439467034825428
-0.0372874501793296
-0.0439467034825428
-0.0302545143338540
-0.0369137676370672
-0.0302545143338540
-0.0369137676370672
-0.0369137676370672
-0.0435730209402804
-0.0369137676370672
-0.0369137676370672
-0.0369137676370672
-0.0369137676370672
-0.0369137676370672
-0.0369137676370672
-0.0435730209402804
-0.0369137676370672
-0.0369137676370672
-0.0369137676370672
-0.0369137676370672
-0.0369137676370672
-0.0369137676370672
-0.0435730209402804
-0.0302545143338540
-0.0435730209402804
-0.0369137676370672
-0.0302545143338540
-0.0369137676370672
-0.0369137676370672
-0.0502322742434937
-0.0369137676370672
-0.0169360077274275
-0.0369137676370672
-0.0369137676370672
-0.0369137676370672
-0.0435730209402804
-0.0369137676370672
-0.0369137676370672
-0.0435730209402804
-0.0302545143338540
-0.0369137676370672
-0.0369137676370672
-0.0435730209402804
-0.0369137676370672
-0.0369137676370672
-0.0369137676370672
-0.0369137676370672
-0.0369137676370672
-0.0369137676370672
-0.0435730209402804
-0.0369137676370672
-0.0369137676370672
-0.0369137676370672
-0.0302545143338540
-0.0302545143338540
-0.0435730209402804
-0.0435730209402804
-0.0369137676370672
-0.0369137676370672
-0.0435730209402804
-0.0369137676370672
-0.0369137676370672
-0.0369137676370672
-0.0369137676370672
-0.0435730209402804
-0.0369137676370672
-0.0369137676370672
-0.0369137676370672
-0.0302545143338540
-0.0369137676370672
-0.0369137676370672
-0.0435730209402804
-0.0369137676370672
-0.0369137676370672
-0.0369137676370672
-0.0369137676370672
-0.0369137676370672
-0.0369137676370672
-0.0435730209402804
-0.0369137676370672
-0.0369137676370672
-0.0435730209402804
-0.0369137676370672
-0.0369137676370672
-0.0369137676370672
-0.0369137676370672
-0.0435730209402804
-0.0302545143338540
-0.0435730209402804
-0.0369137676370672
-0.0302545143338540
-0.0369137676370672
-0.0369137676370672
-0.0435730209402804
-0.0435730209402804
-0.0369137676370672
-0.0435730209402804
-0.0369137676370672
-0.0369137676370672
-0.0369137676370672
-0.0369137676370672
-0.0435730209402804
-0.0435730209402804
-0.0369137676370672
-0.0435730209402804
-0.0369137676370672
-0.0369137676370672
-0.0369137676370672
-0.0369137676370672
-0.0435730209402804
-0.0369137676370672
-0.0369137676370672
-0.0369137676370672
-0.0369137676370672
-0.0369137676370672
-0.0435730209402804
-0.0369137676370672
-0.0435730209402804
-0.0369137676370672
-0.0435730209402804
-0.0369137676370672
-0.0302545143338540
-0.0369137676370672
-0.0369137676370672
-0.0435730209402804
-0.0435730209402804
-0.0369137676370672
-0.0435730209402804
-0.0369137676370672
-0.0369137676370672
-0.0369137676370672
-0.0369137676370672
-0.0435730209402804
-0.0435730209402804
-0.0369137676370672
-0.0435730209402804
-0.0369137676370672
-0.0369137676370672
-0.0302545143338540
-0.0435730209402804
-0.0435730209402804
-0.0369137676370672
-0.0302545143338540
-0.0369137676370672
-0.0369137676370672
-0.0369137676370672
-0.0302545143338540
-0.0435730209402804
-0.0369137676370672
-0.0435730209402804
-0.0369137676370672
-0.0369137676370672
-0.0369137676370672
-0.0369137676370672
-0.0302545143338540
-0.0435730209402804
-0.0302545143338540
-0.0435730209402804
-0.0369137676370672
-0.0369137676370672
-0.0435730209402804
-0.0369137676370672
-0.0369137676370672
-0.0369137676370672
-0.0369137676370672
-0.0435730209402804
-0.0369137676370672
-0.0435730209402804
-0.0369137676370672
-0.0369137676370672
-0.0369137676370672
-0.0435730209402804
-0.0369137676370672
-0.0435730209402804
-0.0435730209402804
-0.0302545143338540
-0.0435730209402804
-0.0435730209402804
-0.0369137676370672
-0.0369137676370672
-0.0369137676370672
-0.0435730209402804
-0.0435730209402804
-0.0369137676370672
-0.0369137676370672
-0.0435730209402804
-0.0369137676370672
-0.0369137676370672
-0.0369137676370672
-0.0369137676370672
-0.0369137676370672
-0.0435730209402804
-0.0369137676370672
-0.0435730209402804
-0.0369137676370672
-0.0369137676370672
-0.0369137676370672
-0.0369137676370672
-0.0369137676370672
-0.0435730209402804
-0.0435730209402804
-0.0302545143338540
-0.0435730209402804
-0.0302545143338540
-0.0302545143338540
-0.0369137676370672
-0.0369137676370672
-0.0369137676370672
-0.0435730209402804
-0.0369137676370672
-0.0369137676370672
-0.0369137676370672
-0.0369137676370672
-0.0302545143338540
-0.0369137676370672
-0.0369137676370672
-0.0435730209402804
-0.0435730209402804
-0.0369137676370672
-0.0369137676370672
-0.0369137676370672
-0.0302545143338540
-0.0302545143338540
-0.0369137676370672
-0.0369137676370672
-0.0369137676370672
-0.0435730209402804
-0.0369137676370672
-0.0369137676370672
-0.0369137676370672
-0.0369137676370672
-0.0369137676370672
-0.0369137676370672
-0.0369137676370672
-0.0435730209402804
-0.0435730209402804
-0.0369137676370672
-0.0435730209402804
-0.0369137676370672
-0.0302545143338540
-0.0369137676370672
-0.0369137676370672
-0.0369137676370672
-0.0435730209402804
-0.0435730209402804
-0.0369137676370672
-0.0435730209402804
-0.0369137676370672
-0.0369137676370672
-0.0369137676370672
-0.0369137676370672
-0.0369137676370672
-0.0369137676370672
-0.0435730209402804
-0.0369137676370672
-0.0369137676370672
-0.0369137676370672
-0.0369137676370672
-0.0369137676370672
-0.0369137676370672
-0.0369137676370672
-0.0435730209402804
-0.0435730209402804
-0.0435730209402804
-0.0369137676370672
-0.0369137676370672
-0.0435730209402804
-0.0369137676370672
-0.0369137676370672
-0.0369137676370672
-0.0369137676370672
-0.0369137676370672
-0.0435730209402804
-0.0369137676370672
-0.0369137676370672
-0.0435730209402804
-0.0369137676370672
-0.0369137676370672
-0.0369137676370672
-0.0435730209402804
-0.0369137676370672
-0.0435730209402804
-0.0435730209402804
-0.0435730209402804
-0.0369137676370672
-0.0369137676370672
-0.0369137676370672
-0.0369137676370672
-0.0369137676370672
-0.0369137676370672
-0.0369137676370672
-0.0435730209402804
-0.0435730209402804
-0.0369137676370672
-0.0435730209402804
-0.0369137676370672
-0.0369137676370672
-0.0369137676370672
-0.0369137676370672
-0.0302545143338540
-0.0369137676370672
-0.0435730209402804
-0.0435730209402804
-0.0369137676370672
-0.0369137676370672
-0.0435730209402804
-0.0369137676370672
-0.0302545143338540
-0.0369137676370672
-0.0369137676370672
-0.0369137676370672
-0.0435730209402804
-0.0369137676370672
-0.0369137676370672
-0.0435730209402804
-0.0369137676370672
-0.0369137676370672
-0.0369137676370672
-0.0369137676370672
-0.0369137676370672
-0.0369137676370672
-0.0435730209402804
-0.0369137676370672
-0.0369137676370672
-0.0435730209402804
-0.0435730209402804
-0.0369137676370672
-0.0369137676370672
-0.0369137676370672
-0.0369137676370672
-0.0369137676370672
-0.0435730209402804
-0.0435730209402804
-0.0369137676370672
-0.0369137676370672
-0.0435730209402804
-0.0369137676370672
-0.0369137676370672
-0.0369137676370672
-0.0369137676370672
-0.0369137676370672
-0.0369137676370672
-0.0435730209402804
-0.0369137676370672
-0.0302545143338540
-0.0435730209402804
-0.0369137676370672
-0.0369137676370672
-0.0302545143338540
-0.0369137676370672
-0.0369137676370672
-0.0369137676370672
-0.0435730209402804
-0.0435730209402804
-0.0369137676370672
-0.0369137676370672
-0.0435730209402804
-0.0369137676370672
-0.0369137676370672
-0.0369137676370672
-0.0302545143338540
-0.0369137676370672
-0.0369137676370672
-0.0435730209402804
-0.0435730209402804
-0.0369137676370672
-0.0369137676370672
-0.0369137676370672
-0.0369137676370672
-0.0369137676370672
-0.0369137676370672
-0.0369137676370672
-0.0369137676370672
-0.0369137676370672
-0.0435730209402804
-0.0435730209402804
1