0
0
0.00613592315154257
0.0230097118182846
0.0567572891517687
0.104310693576224
0.164135944303764
0.228563137394961
0.319068003880213
0.412640831941237
0.518485506305347
0.633534065396770
0.760854470791278
0.865165164367502
1.00629139685298
1.15662151406577
1.31615551600588
1.48949534503696
1.66283517406804
1.83003907994757
2.03252454394847
2.22427214243418
2.42215566407143
2.62617510886022
2.81945668813381
3.02501011371048
3.25664121268122
3.47600046534886
3.70149564116805
3.93005877856301
4.13714618492757
4.37798116862562
4.61114624838424
4.85198123208228
5.09128223499244
5.33365119947837
5.56374831766122
5.79844737820772
6.03621440033000
6.27091346087650
6.48567077118049
6.74031158196951
6.97040870015235
7.19743785675943
7.42139905179073
7.62235053500375
7.85091367239871
8.07334088664213
8.28656421615823
8.49058366094702
8.67466135549330
8.87407885791843
9.07656432191934
9.27598182434447
9.44778767258766
9.64106925186126
9.82974888877119
10.0000207562265
10.1702926236818
10.3390305103492
10.4878266467741
10.6519625910779
10.7976907659270
10.9434189407762
11.0845451732616
11.2210694633835
11.3391859840507
11.4711083318088
11.5907588332639
11.6981374884159
11.7993802204164
11.8975549908410
11.9911278189021
12.0770307430237
12.1583317247816
12.2304288218122
12.2933220341155
12.3562152464188
12.4099045739948
12.4635939015708
12.5096133252074
12.5510308064803
12.5863123646017
12.6154579995715
12.6400016921777
12.6599434424202
12.6737492695112
12.6844871350264
12.6890890773900
12.6921570389658
12.6906230581779
12.6860211158143
12.6783512118748
12.6706813079354
12.6614774232081
12.6553415000565
12.6446036345413
12.6307978074504
12.6169919803594
12.6047201340563
12.5893803261775
12.5725065375107
12.5556327488440
12.5387589601772
12.5218851715105
12.5050113828437
12.4896715749649
12.4712638055103
12.4543900168435
12.4375162281768
12.4221764202979
12.4053026316312
12.3899628237523
12.3746230158735
12.3592832079946
12.3454773809036
12.3316715538127
12.3193997075096
12.3055938804186
12.2933220341155
12.2825841686003
12.2718463030851
12.2626424183578
12.2549725144184
12.2457686296911
12.2380987257516
12.2319628026001
12.2273608602364
12.2212249370849
12.2181569755091
12.2166229947212
12.2150890139334
12.2135550331455
12.2135550331455
12.2150890139334
12.2150890139334
12.2166229947212
12.2181569755091
12.2181569755091
12.2196909562970
12.2212249370849
12.2212249370849
12.2227589178728
12.2227589178728
12.2227589178728
12.2242928986607
12.2242928986607
12.2242928986607
12.2242928986607
12.2242928986607
12.2242928986607
12.2227589178728
12.2227589178728
12.2227589178728
12.2227589178728
12.2227589178728
12.2227589178728
12.2227589178728
12.2227589178728
12.2227589178728
12.2227589178728
12.2227589178728
12.2227589178728
12.2227589178728
12.2227589178728
12.2227589178728
12.2227589178728
12.2227589178728
12.2227589178728
12.2227589178728
12.2227589178728
12.2227589178728
12.2227589178728
12.2227589178728
12.2227589178728
12.2227589178728
12.2227589178728
12.2227589178728
12.2227589178728
12.2227589178728
12.2227589178728
12.2227589178728
12.2227589178728
12.2227589178728
12.2227589178728
12.2227589178728
12.2227589178728
12.2227589178728
12.2227589178728
12.2227589178728
12.2227589178728
12.2227589178728
12.2227589178728
12.2227589178728
12.2227589178728
12.2227589178728
12.2227589178728
12.2227589178728
12.2227589178728
12.2227589178728
12.2227589178728
12.2227589178728
12.2227589178728
12.2227589178728
12.2227589178728
12.2227589178728
12.2227589178728
12.2227589178728
12.2227589178728
12.2227589178728
12.2227589178728
12.2227589178728
12.2227589178728
12.2227589178728
12.2227589178728
12.2227589178728
12.2227589178728
12.2227589178728
12.2227589178728
12.2227589178728
12.2227589178728
12.2227589178728
12.2227589178728
12.2227589178728
12.2227589178728
12.2227589178728
12.2227589178728
12.2227589178728
12.2227589178728
12.2227589178728
12.2227589178728
12.2227589178728
12.2227589178728
12.2227589178728
12.2227589178728
12.2227589178728
12.2227589178728
12.2227589178728
12.2227589178728
12.2227589178728
12.2227589178728
12.2227589178728
12.2227589178728
12.2227589178728
12.2227589178728
12.2227589178728
12.2227589178728
12.2227589178728
12.2227589178728
12.2227589178728
12.2227589178728
12.2227589178728
12.2227589178728
12.2227589178728
12.2227589178728
12.2227589178728
12.2227589178728
12.2227589178728
12.2227589178728
12.2227589178728
12.2227589178728
12.2227589178728
12.2227589178728
12.2227589178728
12.2227589178728
12.2227589178728
12.2227589178728
12.2227589178728
12.2227589178728
12.2227589178728
12.2227589178728
12.2227589178728
12.2227589178728
12.2227589178728
12.2227589178728
12.2227589178728
12.2227589178728
12.2227589178728
12.2227589178728
12.2227589178728
12.2227589178728
12.2227589178728
12.2227589178728
12.2227589178728
12.2227589178728
12.2227589178728
12.2227589178728
12.2227589178728
12.2227589178728
12.2227589178728
12.2227589178728
12.2227589178728
12.2227589178728
12.2227589178728
12.2227589178728
12.2227589178728
12.2227589178728
12.2227589178728
12.2227589178728
12.2227589178728
12.2227589178728
12.2227589178728
12.2227589178728
12.2227589178728
12.2227589178728
12.2227589178728
12.2227589178728
12.2227589178728
12.2227589178728
12.2227589178728
12.2227589178728
12.2227589178728
12.2227589178728
12.2227589178728
12.2227589178728
12.2227589178728
12.2227589178728
12.2227589178728
12.2227589178728
12.2227589178728
12.2227589178728
12.2227589178728
12.2227589178728
12.2227589178728
12.2227589178728
12.2227589178728
12.2227589178728
12.2227589178728
12.2227589178728
12.2227589178728
12.2227589178728
12.2227589178728
12.2227589178728
12.2227589178728
12.2227589178728
12.2227589178728
12.2227589178728
12.2227589178728
12.2227589178728
12.2227589178728
12.2227589178728
12.2227589178728
12.2227589178728
12.2227589178728
12.2227589178728
12.2227589178728
12.2227589178728
12.2227589178728
12.2227589178728
12.2227589178728
12.2227589178728
12.2227589178728
12.2227589178728
12.2227589178728
12.2227589178728
12.2227589178728
12.2227589178728
12.2227589178728
12.2227589178728
12.2227589178728
12.2227589178728
12.2227589178728
12.2227589178728
12.2227589178728
12.2227589178728
12.2227589178728
12.2227589178728
12.2227589178728
12.2227589178728
12.2227589178728
12.2227589178728
12.2227589178728
12.2227589178728
12.2227589178728
12.2227589178728
12.2227589178728
12.2227589178728
12.2227589178728
12.2227589178728
12.2227589178728
12.2227589178728
12.2227589178728
12.2227589178728
12.2227589178728
12.2227589178728
12.2227589178728
12.2227589178728
12.2227589178728
12.2227589178728
12.2227589178728
12.2227589178728
12.2227589178728
12.2227589178728
12.2227589178728
12.2227589178728
12.2227589178728
12.2227589178728
12.2227589178728
12.2227589178728
12.2227589178728
12.2227589178728
12.2227589178728
12.2227589178728
12.2227589178728
12.2227589178728
12.2227589178728
12.2227589178728
12.2227589178728
12.2227589178728
12.2227589178728
12.2227589178728
12.2227589178728
12.2227589178728
12.2227589178728
12.2227589178728
12.2227589178728
12.2227589178728
12.2227589178728
12.2227589178728
12.2227589178728
12.2227589178728
12.2227589178728
12.2227589178728
12.2227589178728
12.2227589178728
12.2227589178728
12.2227589178728
12.2227589178728
12.2227589178728
12.2227589178728
12.2227589178728
12.2227589178728
12.2227589178728
12.2227589178728
12.2227589178728
12.2227589178728
12.2227589178728
12.2227589178728
12.2227589178728
12.2227589178728
12.2227589178728
12.2227589178728
12.2227589178728
12.2227589178728
12.2227589178728
12.2227589178728
12.2227589178728
12.2227589178728
12.2227589178728
12.2227589178728
12.2227589178728
12.2227589178728
12.2227589178728
12.2227589178728
12.2227589178728
12.2227589178728
12.2227589178728
12.2227589178728
12.2227589178728
12.2227589178728
12.2227589178728
12.2227589178728
12.2227589178728
12.2227589178728
12.2227589178728
12.2227589178728
12.2227589178728
12.2227589178728
12.2227589178728
12.2227589178728
12.2227589178728
12.2227589178728
12.2227589178728
12.2227589178728
12.2227589178728
12.2227589178728
12.2227589178728
12.2227589178728
12.2227589178728
12.2227589178728
12.2227589178728
12.2227589178728
12.2227589178728
12.2227589178728
12.2227589178728
12.2227589178728
12.2227589178728
12.2227589178728
12.2227589178728
12.2227589178728
12.2227589178728
12.2227589178728
12.2227589178728
12.2227589178728
12.2227589178728
12.2227589178728
12.2227589178728
12.2227589178728
12.2227589178728
12.2227589178728
12.2227589178728
12.2150890139334
12.1859433789635
12.1353220129633
12.0708948198721
11.9803899533869
11.8745452790227
11.7487588544161
11.6030306795670
11.4573025047179
11.2762927717473
11.0860791540495
10.8774577668971
10.6550305526537
10.4065256650162
10.1380790271362
9.86656442768044
9.58584594349737
9.27137988198082
8.95998178204003
8.62250600870519
8.28503023537035
7.91534086548991
7.54565149560947
7.15602037548652
6.75104944748471
6.47800086724106
6.08069984317868
5.64658328020705
5.20172885172021
4.75840840402126
4.29514620607980
3.83341798892622
3.36862181019687
2.89768970831598
2.42368964485931
1.94508763903899
1.45267980612770
0.954136050064869
0.506213660002262
0.00613592315154257
-0.500077736850719
-1.00629139685298
-1.50330117212793
-1.97576725479671
-2.47431101085954
-2.90996155461906
-3.37935967571207
-3.83801993128987
-4.29974814844345
-4.75227248086972
-5.20172885172021
-5.64965124178282
-6.07456392002714
-6.51021446378666
-6.94433102675830
-7.36770972421474
-7.77114667142866
-8.15770982997584
-8.52279725749262
-8.88021478106998
-9.23149638149579
-9.57817603955794
-9.89877802422604
-10.2040402010153
-10.5154383009561
-10.8207004777453
-11.1152247890194
-11.3882733692630
-11.6199044682337
-11.8822151829622
-12.1199822050845
-12.3286035922369
-12.5310890562378
-12.7213026739356
-12.9115162916334
-13.0787201975130
-13.2397881802410
-13.3855163550901
-13.5082348181210
-13.6294193003639
-13.7352639747280
-13.8303707835769
-13.9116717653349
-13.9853028431534
-14.0451280938809
-14.0942154790933
-14.1325649987904
-14.1617106337602
-14.1831863647906
-14.1939242303058
-14.1969921918816
-14.1908562687301
-14.1785844224270
-14.1632446145481
-14.1402349027298
-14.1095552869721
-14.0773416904265
-14.0374581899415
-13.9929727470928
-13.9438853618805
-13.8917300150924
-13.8334387451527
-13.7797494175767
-13.7122542629097
-13.6539629929701
-13.5833998767274
-13.5113027796967
-13.4468755866055
-13.3824483935143
-13.3057493541201
-13.2305842955137
-13.1630891408467
-13.0940600053918
-13.0204289275733
-12.9513997921185
-12.8823706566636
-12.8118075404209
-12.7443123857539
-12.6768172310869
-12.6077880956321
-12.5418269217530
-12.4758657478739
-12.4114385547827
-12.3485453424794
-12.2871861109640
-12.2273608602364
-12.1706035710847
-12.1138462819329
-12.0601569543569
-12.0064676267809
-11.9619821839322
-11.9113608179320
-11.8653413942954
-11.8269918745983
-11.7840404125375
-11.7487588544161
-11.7119433155069
-11.6781957381734
-11.6475161224157
-11.6183704874458
-11.5922928140518
-11.5662151406577
-11.5447394096273
-11.5247976593848
-11.5079238707181
-11.4941180436271
-11.4818461973240
-11.4711083318088
-11.4649724086573
-11.4588364855057
-11.4557685239300
-11.4542345431421
-11.4557685239300
-11.4573025047179
-11.4603704662936
-11.4634384278694
-11.4680403702331
-11.4711083318088
-11.4757102741725
-11.4787782357483
-11.4833801781119
-11.4879821204756
-11.4910500820513
-11.4941180436271
-11.4971860052029
-11.5002539667787
-11.5033219283544
-11.5063898899302
-11.5079238707181
-11.5079238707181
-11.5094578515060
-11.5094578515060
-11.5094578515060
-11.5094578515060
-11.5094578515060
-11.5094578515060
-11.5094578515060
-11.5094578515060
-11.5094578515060
-11.5094578515060
-11.5094578515060
-11.5094578515060
-11.5094578515060
-11.5094578515060
-11.5094578515060
-11.5094578515060
-11.5094578515060
-11.5094578515060
-11.5094578515060
-11.5094578515060
-11.5094578515060
-11.5094578515060
-11.5094578515060
-11.5094578515060
-11.5094578515060
-11.5094578515060
-11.5094578515060
-11.5094578515060
-11.5094578515060
-11.5094578515060
-11.5094578515060
-11.5094578515060
-11.5094578515060
-11.5094578515060
-11.5094578515060
-11.5094578515060
-11.5094578515060
-11.5094578515060
-11.5094578515060
-11.5094578515060
-11.5094578515060
-11.5094578515060
-11.5094578515060
-11.5094578515060
-11.5094578515060
-11.5094578515060
-11.5094578515060
-11.5094578515060
-11.5094578515060
-11.5094578515060
-11.5094578515060
-11.5094578515060
-11.5094578515060
-11.5094578515060
-11.5094578515060
-11.5094578515060
-11.5094578515060
-11.5094578515060
-11.5094578515060
-11.5094578515060
-11.5094578515060
-11.5094578515060
-11.5094578515060
-11.5094578515060
-11.5094578515060
-11.5094578515060
-11.5094578515060
-11.5094578515060
-11.5094578515060
-11.5094578515060
-11.5094578515060
-11.5094578515060
-11.5094578515060
-11.5094578515060
-11.5094578515060
-11.5094578515060
-11.5094578515060
-11.5094578515060
-11.5094578515060
-11.5094578515060
-11.5094578515060
-11.5094578515060
-11.5094578515060
-11.5094578515060
-11.5094578515060
-11.5094578515060
-11.5094578515060
-11.5094578515060
-11.5094578515060
-11.5094578515060
-11.5094578515060
-11.5094578515060
-11.5094578515060
-11.5094578515060
-11.5094578515060
-11.5094578515060
-11.5094578515060
-11.5094578515060
-11.5094578515060
-11.5094578515060
-11.5094578515060
-11.5094578515060
-11.5094578515060
-11.5094578515060
-11.5094578515060
-11.5094578515060
-11.5094578515060
-11.5094578515060
-11.5094578515060
-11.5094578515060
-11.5094578515060
-11.5094578515060
-11.5094578515060
-11.5094578515060
-11.5094578515060
-11.5094578515060
-11.5094578515060
-11.5094578515060
-11.5094578515060
-11.5094578515060
-11.5094578515060
-11.5094578515060
-11.5094578515060
-11.5094578515060
-11.5094578515060
-11.5094578515060
-11.5094578515060
-11.5094578515060
-11.5094578515060
-11.5094578515060
-11.5094578515060
-11.5094578515060
-11.5094578515060
-11.5094578515060
-11.5094578515060
-11.5094578515060
-11.5094578515060
-11.5094578515060
-11.5094578515060
-11.5094578515060
-11.5094578515060
-11.5094578515060
-11.5094578515060
-11.5094578515060
-11.5094578515060
-11.5094578515060
-11.5094578515060
-11.5094578515060
-11.5094578515060
-11.5094578515060
-11.5094578515060
-11.5094578515060
-11.5094578515060
-11.5094578515060
-11.5094578515060
-11.5094578515060
-11.5094578515060
-11.5094578515060
-11.5094578515060
-11.5094578515060
-11.5094578515060
-11.5094578515060
-11.5094578515060
-11.5094578515060
-11.5094578515060
-11.5094578515060
-11.5094578515060
-11.5094578515060
-11.5094578515060
-11.5094578515060
-11.5094578515060
-11.5094578515060
-11.5094578515060
-11.5094578515060
-11.5094578515060
-11.5094578515060
-11.5094578515060
-11.5094578515060
-11.5094578515060
-11.5094578515060
-11.5094578515060
-11.5094578515060
-11.5094578515060
-11.5094578515060
-11.5094578515060
-11.5094578515060
-11.5094578515060
-11.5094578515060
-11.5094578515060
-11.5094578515060
-11.5094578515060
-11.5094578515060
-11.5094578515060
-11.5094578515060
-11.5094578515060
-11.5094578515060
-11.5094578515060
-11.5094578515060
-11.5094578515060
-11.5094578515060
-11.5094578515060
-11.5094578515060
-11.5094578515060
-11.5094578515060
-11.5094578515060
-11.5094578515060
-11.5094578515060
-11.5094578515060
-11.5094578515060
-11.5094578515060
-11.5094578515060
-11.5094578515060
-11.5094578515060
-11.5094578515060
-11.5094578515060
-11.5094578515060
-11.5094578515060
-11.5094578515060
-11.5094578515060
-11.5094578515060
-11.5094578515060
-11.5094578515060
-11.5094578515060
-11.5094578515060
-11.5094578515060
-11.5094578515060
-11.5094578515060
-11.5094578515060
-11.5094578515060
-11.5094578515060
-11.5094578515060
-11.5094578515060
-11.5094578515060
-11.5094578515060
-11.5094578515060
-11.5094578515060
-11.5094578515060
-11.5094578515060
-11.5094578515060
-11.5094578515060
-11.5094578515060
-11.5094578515060
-11.5094578515060
-11.5094578515060
-11.5094578515060
-11.5094578515060
-11.5094578515060
-11.5094578515060
-11.5094578515060
-11.5094578515060
-11.5094578515060
-11.5094578515060
-11.5094578515060
-11.5094578515060
-11.5094578515060
-11.5094578515060
-11.5094578515060
-11.5094578515060
-11.5094578515060
-11.5094578515060
-11.5094578515060
-11.5094578515060
-11.5094578515060
-11.5094578515060
-11.5094578515060
-11.5094578515060
-11.5094578515060
-11.5094578515060
-11.5094578515060
-11.5094578515060
-11.5094578515060
-11.5094578515060
-11.5094578515060
-11.5094578515060
-11.5094578515060
-11.5094578515060
-11.5094578515060
-11.5094578515060
-11.5094578515060
-11.5094578515060
-11.5094578515060
-11.5094578515060
-11.5094578515060
-11.5094578515060
-11.5094578515060
-11.5094578515060
-11.5094578515060
-11.5094578515060
-11.5094578515060
-11.5094578515060
-11.5094578515060
-11.5094578515060
-11.5094578515060
-11.5094578515060
-11.5094578515060
-11.5094578515060
-11.5094578515060
-11.5094578515060
-11.5094578515060
-11.5094578515060
-11.5094578515060
-11.5094578515060
-11.5094578515060
-11.5094578515060
-11.5094578515060
-11.5094578515060
-11.5094578515060
-11.5094578515060
-11.5094578515060
-11.5094578515060
-11.5094578515060
-11.5094578515060
-11.5094578515060
-11.5094578515060
-11.5094578515060
-11.5094578515060
-11.5094578515060
-11.5094578515060
-11.5094578515060
-11.5094578515060
-11.5094578515060
-11.5094578515060
-11.5094578515060
-11.5094578515060
-11.5094578515060
-11.5094578515060
-11.5094578515060
-11.5094578515060
-11.5094578515060
-11.5094578515060