0
0
0.00920388472731385
0.0245436926061703
0.0736310778185108
0.141126232485479
0.225495175819189
0.326737907819642
0.446388409274722
0.582912699396544
0.736310778185108
0.908116626428300
1.09679626333823
1.29928172733914
1.52017496079467
1.75640800212906
1.98957308188768
2.27642748922229
2.56021393498114
2.85934018861884
3.16000042304442
3.48060240771252
3.79813643080485
4.13101026177603
4.46695205432299
4.80135986608206
5.10202010050764
5.37660266153917
5.68493279990419
5.99326293826920
6.30772899978576
6.61605913815077
6.92745723809156
7.23885533803234
7.53031168773061
7.79569036403483
8.05186515561173
8.29730208167343
8.52739919985628
8.74062252937238
8.93697207022175
9.13178763028322
9.32200124798104
9.50454496173943
9.68248673313417
9.83741879271062
9.99388483307495
10.1380790271362
10.2730693364701
10.4003897418646
10.5215742241076
10.6396907447748
10.7440014383510
10.8314383432605
10.9265451521094
11.0063121530795
11.0722733269586
11.1397684816255
11.2026616939288
11.2594189830806
11.3131083106566
11.3575937535053
11.3990112347782
11.4327588121117
11.4665063894452
11.5017879475665
11.5324675633243
11.5585452367183
11.5846229101124
11.6107005835064
11.6321763145368
11.6505840839914
11.6689918534461
11.6843316613249
11.6996714692038
11.7119433155069
11.7257491425978
11.7364870081130
11.7456908928404
11.7518268159919
11.7579627391434
11.7625646815071
11.7656326430829
11.7671666238708
11.7687006046586
11.7687006046586
11.7687006046586
11.7671666238708
11.7671666238708
11.7640986622950
11.7625646815071
11.7610307007192
11.7594967199313
11.7594967199313
11.7594967199313
11.7610307007192
11.7625646815071
11.7640986622950
11.7656326430829
11.7671666238708
11.7671666238708
11.7687006046586
11.7702345854465
11.7702345854465
11.7687006046586
11.7687006046586
11.7687006046586
11.7687006046586
11.7687006046586
11.7687006046586
11.7687006046586
11.7687006046586
11.7687006046586
11.7687006046586
11.7687006046586
11.7687006046586
11.7687006046586
11.7687006046586
11.7687006046586
11.7687006046586
11.7687006046586
11.7687006046586
11.7687006046586
11.7687006046586
11.7687006046586
11.7687006046586
11.7687006046586
11.7687006046586
11.7687006046586
11.7687006046586
11.7687006046586
11.7687006046586
11.7687006046586
11.7687006046586
11.7687006046586
11.7687006046586
11.7687006046586
11.7687006046586
11.7687006046586
11.7687006046586
11.7687006046586
11.7687006046586
11.7687006046586
11.7687006046586
11.7687006046586
11.7687006046586
11.7687006046586
11.7687006046586
11.7687006046586
11.7687006046586
11.7687006046586
11.7687006046586
11.7687006046586
11.7687006046586
11.7687006046586
11.7687006046586
11.7687006046586
11.7687006046586
11.7687006046586
11.7687006046586
11.7687006046586
11.7687006046586
11.7687006046586
11.7687006046586
11.7687006046586
11.7687006046586
11.7687006046586
11.7687006046586
11.7687006046586
11.7687006046586
11.7687006046586
11.7687006046586
11.7687006046586
11.7687006046586
11.7687006046586
11.7687006046586
11.7687006046586
11.7687006046586
11.7687006046586
11.7687006046586
11.7687006046586
11.7687006046586
11.7687006046586
11.7687006046586
11.7687006046586
11.7687006046586
11.7687006046586
11.7687006046586
11.7687006046586
11.7687006046586
11.7687006046586
11.7687006046586
11.7687006046586
11.7687006046586
11.7687006046586
11.7687006046586
11.7687006046586
11.7687006046586
11.7687006046586
11.7687006046586
11.7687006046586
11.7687006046586
11.7687006046586
11.7687006046586
11.7687006046586
11.7687006046586
11.7687006046586
11.7687006046586
11.7687006046586
11.7687006046586
11.7687006046586
11.7687006046586
11.7687006046586
11.7687006046586
11.7687006046586
11.7687006046586
11.7687006046586
11.7687006046586
11.7687006046586
11.7687006046586
11.7687006046586
11.7687006046586
11.7687006046586
11.7687006046586
11.7687006046586
11.7687006046586
11.7687006046586
11.7687006046586
11.7687006046586
11.7687006046586
11.7687006046586
11.7687006046586
11.7687006046586
11.7687006046586
11.7687006046586
11.7687006046586
11.7687006046586
11.7687006046586
11.7687006046586
11.7687006046586
11.7687006046586
11.7687006046586
11.7687006046586
11.7687006046586
11.7687006046586
11.7687006046586
11.7687006046586
11.7687006046586
11.7687006046586
11.7687006046586
11.7687006046586
11.7687006046586
11.7687006046586
11.7687006046586
11.7687006046586
11.7687006046586
11.7687006046586
11.7687006046586
11.7687006046586
11.7687006046586
11.7687006046586
11.7687006046586
11.7687006046586
11.7687006046586
11.7687006046586
11.7687006046586
11.7687006046586
11.7687006046586
11.7687006046586
11.7687006046586
11.7687006046586
11.7687006046586
11.7687006046586
11.7687006046586
11.7687006046586
11.7687006046586
11.7687006046586
11.7687006046586
11.7687006046586
11.7687006046586
11.7687006046586
11.7687006046586
11.7687006046586
11.7687006046586
11.7687006046586
11.7687006046586
11.7687006046586
11.7687006046586
11.7687006046586
11.7687006046586
11.7687006046586
11.7687006046586
11.7687006046586
11.7687006046586
11.7687006046586
11.7687006046586
11.7687006046586
11.7687006046586
11.7687006046586
11.7687006046586
11.7687006046586
11.7687006046586
11.7687006046586
11.7687006046586
11.7687006046586
11.7687006046586
11.7687006046586
11.7687006046586
11.7687006046586
11.7687006046586
11.7687006046586
11.7687006046586
11.7687006046586
11.7687006046586
11.7687006046586
11.7687006046586
11.7687006046586
11.7687006046586
11.7687006046586
11.7687006046586
11.7687006046586
11.7687006046586
11.7687006046586
11.7687006046586
11.7687006046586
11.7687006046586
11.7687006046586
11.7687006046586
11.7687006046586
11.7687006046586
11.7687006046586
11.7687006046586
11.7687006046586
11.7687006046586
11.7687006046586
11.7687006046586
11.7687006046586
11.7687006046586
11.7687006046586
11.7687006046586
11.7687006046586
11.7687006046586
11.7687006046586
11.7687006046586
11.7687006046586
11.7687006046586
11.7687006046586
11.7687006046586
11.7687006046586
11.7687006046586
11.7687006046586
11.7687006046586
11.7687006046586
11.7687006046586
11.7687006046586
11.7687006046586
11.7687006046586
11.7687006046586
11.7687006046586
11.7687006046586
11.7687006046586
11.7687006046586
11.7687006046586
11.7687006046586
11.7687006046586
11.7687006046586
11.7687006046586
11.7687006046586
11.7687006046586
11.7687006046586
11.7687006046586
11.7687006046586
11.7687006046586
11.7687006046586
11.7687006046586
11.7687006046586
11.7687006046586
11.7687006046586
11.7687006046586
11.7687006046586
11.7687006046586
11.7687006046586
11.7687006046586
11.7687006046586
11.7687006046586
11.7687006046586
11.7687006046586
11.7687006046586
11.7687006046586
11.7687006046586
11.7687006046586
11.7687006046586
11.7687006046586
11.7687006046586
11.7687006046586
11.7687006046586
11.7687006046586
11.7687006046586
11.7687006046586
11.7687006046586
11.7687006046586
11.7687006046586
11.7687006046586
11.7687006046586
11.7687006046586
11.7687006046586
11.7687006046586
11.7687006046586
11.7687006046586
11.7687006046586
11.7687006046586
11.7687006046586
11.7687006046586
11.7687006046586
11.7687006046586
11.7687006046586
11.7687006046586
11.7687006046586
11.7687006046586
11.7687006046586
11.7687006046586
11.7687006046586
11.7687006046586
11.7687006046586
11.7687006046586
11.7687006046586
11.7687006046586
11.7687006046586
11.7687006046586
11.7687006046586
11.7687006046586
11.7687006046586
11.7687006046586
11.7687006046586
11.7687006046586
11.7687006046586
11.7687006046586
11.7687006046586
11.7687006046586
11.7687006046586
11.7687006046586
11.7687006046586
11.7687006046586
11.7687006046586
11.7687006046586
11.7687006046586
11.7687006046586
11.7687006046586
11.7687006046586
11.7687006046586
11.7687006046586
11.7687006046586
11.7687006046586
11.7687006046586
11.7687006046586
11.7687006046586
11.7687006046586
11.7687006046586
11.7687006046586
11.7687006046586
11.7687006046586
11.7687006046586
11.7687006046586
11.7687006046586
11.7687006046586
11.7687006046586
11.7687006046586
11.7687006046586
11.7687006046586
11.7687006046586
11.7687006046586
11.7687006046586
11.7687006046586
11.7687006046586
11.7687006046586
11.7687006046586
11.7687006046586
11.7687006046586
11.7687006046586
11.7687006046586
11.7687006046586
11.7687006046586
11.7687006046586
11.7687006046586
11.7687006046586
11.7687006046586
11.7687006046586
11.7687006046586
11.7687006046586
11.7687006046586
11.7687006046586
11.7687006046586
11.7687006046586
11.7687006046586
11.7687006046586
11.7687006046586
11.7687006046586
11.7687006046586
11.7687006046586
11.7687006046586
11.7687006046586
11.7687006046586
11.7610307007192
11.7380209889009
11.6966035076280
11.6291083529610
11.5478073712031
11.4388947352632
11.3253801569597
11.1781180013227
11.0185839993826
10.8421762087757
10.6550305526537
10.4464091655012
10.2224479704699
9.98161298677187
9.72543819519497
9.45392359573921
9.16860316919248
8.87254487713055
8.55961279640188
8.22980692700646
7.91994280785357
7.55638936112467
7.16982620257749
6.78019508245453
6.37522415445273
5.95031147620840
5.61743764523722
5.26922400638718
4.89493269414308
4.44547632329259
3.93005877856301
3.44225288801538
2.94677709352832
2.43596149116240
1.95889346612996
1.44654388297616
0.920388472731385
0.340543734910612
-0.208621387152447
-0.756252528427621
-1.27167007315720
-1.80702936812929
-2.38073818279852
-2.87928193886135
-3.38242763728784
-3.89324323965376
-4.41172874595910
-4.91487444438559
-5.39347645020591
-5.90582603335972
-6.35374842342233
-6.77712712087876
-7.17749610651692
-7.55178741876101
-7.90920494233837
-8.24207877330955
-8.54887493088668
-8.83112739585764
-9.09190412979820
-9.33273911349624
-9.55670030852754
-9.74691392622536
-9.94479744786261
-10.1196712576816
-10.2761372980459
-10.4203314921072
-10.5522538398653
-10.6795742452598
-10.7961567851391
-10.8989334979275
-10.9925063259885
-11.0753412885343
-11.1474383855650
-11.2226034441714
-11.2916325796262
-11.3575937535053
-11.4174190042328
-11.4680403702331
-11.5171277554454
-11.5616131982941
-11.6014966987791
-11.6367782569005
-11.6659238918703
-11.6935355460522
-11.7180792386584
-11.7395549696888
-11.7594967199313
-11.7748365278102
-11.7901763356890
-11.8024481819921
-11.8147200282952
-11.8239239130225
-11.8331277977498
-11.8407977016893
-11.8453996440529
-11.8500015864166
-11.8546035287802
-11.8561375095681
-11.8576714903560
-11.8592054711439
-11.8592054711439
-11.8576714903560
-11.8576714903560
-11.8576714903560
-11.8561375095681
-11.8546035287802
-11.8546035287802
-11.8530695479924
-11.8515355672045
-11.8515355672045
-11.8500015864166
-11.8500015864166
-11.8484676056287
-11.8484676056287
-11.8484676056287
-11.8484676056287
-11.8469336248408
-11.8469336248408
-11.8469336248408
-11.8469336248408
-11.8469336248408
-11.8469336248408
-11.8469336248408
-11.8469336248408
-11.8469336248408
-11.8484676056287
-11.8484676056287
-11.8484676056287
-11.8484676056287
-11.8484676056287
-11.8484676056287
-11.8484676056287
-11.8484676056287
-11.8484676056287
-11.8484676056287
-11.8484676056287
-11.8484676056287
-11.8484676056287
-11.8484676056287
-11.8484676056287
-11.8484676056287
-11.8484676056287
-11.8484676056287
-11.8484676056287
-11.8484676056287
-11.8484676056287
-11.8484676056287
-11.8484676056287
-11.8484676056287
-11.8484676056287
-11.8484676056287
-11.8484676056287
-11.8484676056287
-11.8484676056287
-11.8484676056287
-11.8484676056287
-11.8484676056287
-11.8484676056287
-11.8484676056287
-11.8484676056287
-11.8484676056287
-11.8484676056287
-11.8484676056287
-11.8484676056287
-11.8484676056287
-11.8484676056287
-11.8484676056287
-11.8484676056287
-11.8484676056287
-11.8484676056287
-11.8484676056287
-11.8484676056287
-11.8484676056287
-11.8484676056287
-11.8484676056287
-11.8484676056287
-11.8484676056287
-11.8484676056287
-11.8484676056287
-11.8484676056287
-11.8484676056287
-11.8484676056287
-11.8484676056287
-11.8484676056287
-11.8484676056287
-11.8484676056287
-11.8484676056287
-11.8484676056287
-11.8484676056287
-11.8484676056287
-11.8484676056287
-11.8484676056287
-11.8484676056287
-11.8484676056287
-11.8484676056287
-11.8484676056287
-11.8484676056287
-11.8484676056287
-11.8484676056287
-11.8484676056287
-11.8484676056287
-11.8484676056287
-11.8484676056287
-11.8484676056287
-11.8484676056287
-11.8484676056287
-11.8484676056287
-11.8484676056287
-11.8484676056287
-11.8484676056287
-11.8484676056287
-11.8484676056287
-11.8484676056287
-11.8484676056287
-11.8484676056287
-11.8484676056287
-11.8484676056287
-11.8484676056287
-11.8484676056287
-11.8484676056287
-11.8484676056287
-11.8484676056287
-11.8484676056287
-11.8484676056287
-11.8484676056287
-11.8484676056287
-11.8484676056287
-11.8484676056287
-11.8484676056287
-11.8484676056287
-11.8484676056287
-11.8484676056287
-11.8484676056287
-11.8484676056287
-11.8484676056287
-11.8484676056287
-11.8484676056287
-11.8484676056287
-11.8484676056287
-11.8484676056287
-11.8484676056287
-11.8484676056287
-11.8484676056287
-11.8484676056287
-11.8484676056287
-11.8484676056287
-11.8484676056287
-11.8484676056287
-11.8484676056287
-11.8484676056287
-11.8484676056287
-11.8484676056287
-11.8484676056287
-11.8484676056287
-11.8484676056287
-11.8484676056287
-11.8484676056287
-11.8484676056287
-11.8484676056287
-11.8484676056287
-11.8484676056287
-11.8484676056287
-11.8484676056287
-11.8484676056287
-11.8484676056287
-11.8484676056287
-11.8484676056287
-11.8484676056287
-11.8484676056287
-11.8484676056287
-11.8484676056287
-11.8484676056287
-11.8484676056287
-11.8484676056287
-11.8484676056287
-11.8484676056287
-11.8484676056287
-11.8484676056287
-11.8484676056287
-11.8484676056287
-11.8484676056287
-11.8484676056287
-11.8484676056287
-11.8484676056287
-11.8484676056287
-11.8484676056287
-11.8484676056287
-11.8484676056287
-11.8484676056287
-11.8484676056287
-11.8484676056287
-11.8484676056287
-11.8484676056287
-11.8484676056287
-11.8484676056287
-11.8484676056287
-11.8484676056287
-11.8484676056287
-11.8484676056287
-11.8484676056287
-11.8484676056287
-11.8484676056287
-11.8484676056287
-11.8484676056287
-11.8484676056287
-11.8484676056287
-11.8484676056287
-11.8484676056287
-11.8484676056287
-11.8484676056287
-11.8484676056287
-11.8484676056287
-11.8484676056287
-11.8484676056287
-11.8484676056287
-11.8484676056287
-11.8484676056287
-11.8484676056287
-11.8484676056287
-11.8484676056287
-11.8484676056287
-11.8484676056287
-11.8484676056287
-11.8484676056287
-11.8484676056287
-11.8484676056287
-11.8484676056287
-11.8484676056287
-11.8484676056287
-11.8484676056287
-11.8484676056287
-11.8484676056287
-11.8484676056287
-11.8484676056287
-11.8484676056287
-11.8484676056287
-11.8484676056287
-11.8484676056287
-11.8484676056287
-11.8484676056287
-11.8484676056287
-11.8484676056287
-11.8484676056287
-11.8484676056287
-11.8484676056287
-11.8484676056287
-11.8484676056287
-11.8484676056287
-11.8484676056287
-11.8484676056287
-11.8484676056287
-11.8484676056287
-11.8484676056287
-11.8484676056287
-11.8484676056287
-11.8484676056287
-11.8484676056287
-11.8484676056287
-11.8484676056287
-11.8484676056287
-11.8484676056287
-11.8484676056287
-11.8484676056287
-11.8484676056287
-11.8484676056287
-11.8484676056287
-11.8484676056287
-11.8484676056287
-11.8484676056287
-11.8484676056287
-11.8484676056287
-11.8484676056287
-11.8484676056287
-11.8484676056287
-11.8484676056287
-11.8484676056287
-11.8484676056287
-11.8484676056287
-11.8484676056287
-11.8484676056287
-11.8484676056287
-11.8484676056287
-11.8484676056287
-11.8484676056287
-11.8484676056287
-11.8484676056287
-11.8484676056287
-11.8484676056287
-11.8484676056287
-11.8484676056287
-11.8484676056287
-11.8484676056287
-11.8484676056287
-11.8484676056287
-11.8484676056287
-11.8484676056287
-11.8484676056287
-11.8484676056287
-11.8484676056287
-11.8484676056287
-11.8484676056287
-11.8484676056287
-11.8484676056287
-11.8484676056287
-11.8484676056287
-11.8484676056287
-11.8484676056287
-11.8484676056287
-11.8484676056287
-11.8484676056287
-11.8484676056287
-11.8484676056287
-11.8484676056287
-11.8484676056287
-11.8484676056287
-11.8484676056287
-11.8484676056287
-11.8484676056287
-11.8484676056287
-11.8484676056287
-11.8484676056287
-11.8484676056287
-11.8484676056287
-11.8484676056287
-11.8484676056287
-11.8484676056287
-11.8484676056287
-11.8484676056287
-11.8484676056287
-11.8484676056287
-11.8484676056287
-11.8484676056287
-11.8484676056287
-11.8484676056287
-11.8484676056287
-11.8484676056287
-11.8484676056287
-11.8484676056287
-11.8484676056287
-11.8484676056287
-11.8484676056287
-11.8484676056287
-11.8484676056287
-11.8484676056287
-11.8484676056287
-11.8484676056287
-11.8484676056287
-11.8484676056287
-11.8484676056287
-11.8484676056287
-11.8484676056287
-11.8484676056287
-11.8484676056287
-11.8484676056287
-11.8484676056287
-11.8484676056287
-11.8484676056287
-11.8484676056287
-11.8484676056287
-11.8484676056287
-11.8484676056287
-11.8484676056287
-11.8484676056287
-11.8484676056287
-11.8484676056287
-11.8484676056287
-11.8484676056287
-11.8484676056287
-11.8484676056287
-11.8484676056287
-11.8484676056287
-11.8484676056287
-11.8484676056287
-11.8484676056287
-11.8484676056287
-11.8484676056287
-11.8484676056287
-11.8484676056287
-11.8484676056287
-11.8484676056287
-11.8484676056287
-11.8484676056287
-11.8484676056287
-11.8484676056287
-11.8484676056287
-11.8484676056287
-11.8484676056287
-11.8484676056287
-11.8484676056287
-11.8484676056287
-11.8484676056287
-11.8484676056287
-11.8484676056287
-11.8484676056287
-11.8484676056287
-11.8484676056287
-11.8484676056287
-11.8484676056287
-11.8484676056287