0
0
0.852500790204102
3.82936171682770
9.21578678518942
16.6275926241710
25.4505421824218
37.1203038340119
49.5437765959268
61.6267594806436
72.4804960894586
82.0257119144724
91.2428479885518
98.4953157243436
106.059494055095
112.250222550214
117.724837053732
122.871835831724
127.456408119397
131.544057912385
135.088208263310
138.149925149631
141.100329564701
144.020010150617
146.140563714729
147.498448551576
149.128730192945
149.578771654927
149.693908863500
150.111976616584
149.559778579281
149.753316764135
149.782262976332
149.529462520127
150.164708418029
149.967270173397
150.135718484546
150.357734560883
149.846024851170
150.164800648426
149.811455172064
149.665194983342
150.068635599481
149.685030737604
150.162834556875
150.202157561829
149.940217228547
150.338226781659
149.772145685343
149.906381429965
150.064505186297
149.658521358582
150.115160470983
149.872478003541
149.951546073475
150.351172770283
149.857882130615
150.175834084248
149.913062773693
149.714279487887
150.220069317990
149.833978779241
150.156440963408
150.134106746416
149.722675333639
150.143721614653
149.804433128379
150.009548358142
150.274657104022
149.846370747091
150.173927734373
149.847974888098
149.779083961041
150.206928830101
149.797944594862
150.151460964022
150.067195936152
149.837572876905
150.334066030526
149.827627328997
149.932726809408
150.050021802046
149.677510399938
150.154412492314
149.842069889064
149.868205233751
150.236156522480
149.825123422562
150.207078209980
150.035887922480
149.811297678709
150.189437473016
149.777054424008
150.062611390666
150.114168028257
149.805151062488
150.228780653352
149.792827630422
149.855099139711
150.172435391658
150.047358035487
150.727394512342
150.459982076851
150.257119416066
150.301077446317
149.573002989345
149.817298549212
149.729373156250
149.598821650559
150.196237609254
149.916193999550
150.211987311259
150.302415968409
149.880472712358
150.234978625641
149.808938344057
149.840965887819
150.131252032253
149.746110463813
150.202496503754
149.939713208285
149.796608813176
150.132253668807
149.637153216909
149.956939181412
150.020720139840
149.753155077503
150.290621987739
149.901659233039
149.998561472719
150.114356084840
149.628931370368
150.071231698098
149.847058062022
149.852316168031
150.261636009908
149.839299713186
150.223657511191
150.031173377990
149.720857841593
150.131657167055
149.705916848014
150.001653231388
150.173715659720
149.870236193133
150.353602298307
149.960302334862
149.893204914535
150.088038944490
149.638862343468
150.131058615924
150.015272851203
150.060418991169
150.499258704880
149.920758674004
150.051345350607
149.890943892758
149.572129414265
150.056465785081
149.750008154526
150.004178485240
150.276861363752
149.947670037151
150.419053739709
149.959957555271
149.871241868191
150.153834307194
149.816134735781
150.395719186711
150.340304706307
150.123928436704
150.316536076152
149.613291726376
149.732319266998
149.833209516931
149.728935664524
151.046684284503
152.090763685136
153.935758670070
154.977472943469
156.229432109837
157.187611000597
158.225178043309
158.250269622109
157.809465528637
155.573558983583
151.433226577302
145.689228985418
137.665100244689
127.956455222357
115.578924222127
101.094979453499
85.9528099757980
68.6821909619438
50.7561887514414
32.6267664169801
18.8835547444207
9.16572971291590
3.61068249312669
1.49132280578665
1.66797254170128
2.81885450125802
3.28128516469804
2.74677779610050
1.47646923514002
0.244555547857728
0
0
0
0
0
0
0
0
0
0
0
0
0
0
0
0
0
0
0
0
0
0
0
0
0
0
0
0
0
0
0
0
0
0
0
0
0
0
0
0
0
0
0
0
0
0
0
0
0
0
0
0
0
0
0
0
0
0
0
0
0
0
0
0
0
0
0
0
0
0
0
0
0
0
0
0
0
0
0
0
0
0
0
0
0
0
0
0
0
0
0
0
0
0
0
0
0
0
0
0
0
0
0
0
0
0
0
0
0
0
0
0
0
0
0
0
0
0
0
0
0
0
0
0
0
0
0
0
0
0
0
0
0
0
0
0
0
0
0
0
0
0
0
0
0
0
0
0
0
0
0
0
0
0
0
0
0
0
0
0
0
0
0
0
0
0
0
0
0
0
0
0
0
0
-0.0921876380628414
-0.900750284505329
-1.96793507008128
-2.05435916233733
-0.123056869344040
3.68170115897499
9.16670200444635
17.0867444238607
26.4549455265865
37.4049155940383
50.0641012962893
62.1548872129938
72.9656044531288
82.8684052622363
91.0721687288965
99.1717942963963
105.682116661842
111.437828832620
115.316235681959
117.127802170349
117.209582154300
116.770359158834
116.865134622084
118.049404488970
119.713272254392
120.992721479613
121.103666106089
120.256595921288
119.133968948596
118.460913198230
118.666721688659
119.667983226032
120.839502447702
121.366837659265
121.012195665597
120.074339141510
119.161598265117
118.862049857675
119.331225905929
120.183219920979
120.834095588141
120.855377356403
120.261409317572
119.511852985010
119.126161175711
119.461207023427
120.177839858281
120.753185705190
120.801494034405
120.354094383562
119.670102274531
119.191722764001
119.258131677655
119.728490020629
120.350714281291
120.741211299769
120.640671689994
120.206338498053
119.741077509424
119.487997778202
119.528893263454
119.729326714308
119.996153070815
120.175462487156
120.261405699189
120.090896421999
119.900304805853
119.849907194604
119.902722293885
120.068759254838
120.166879894776
120.136156040045
120.005655447074
119.787482253607
119.634073542408
119.691106928359
119.946623240532
120.267400324777
120.389390765785
120.241542704620
119.954042420602
119.687099461806
119.722942353558
119.875029774893
120.055095813179
120.140169833028
120.107921639145
120.004232464714
119.936472888708
119.918693362150
120.004696486443
120.114896481488
120.189270754553
120.119600104017
120.000717743330
119.822964854616
119.715277723715
119.729183277689
119.951043066386
120.298017413845
120.480533667915
120.375981674417
120.085312348190
119.751378641609
119.567514542326
119.626760807065
119.844863055628
120.090375608174
120.211179316338
120.189869616492
120.078720504877
120.003469116610
119.957652130904
119.974896596537
119.990598032925
120.006698273378
119.973022478697
119.913378895462
119.851050995733
119.869859764223
120.060722466394
120.207542840330
120.284612550043
120.177401495027
119.989065856270
119.827617910967
119.755853430163
119.828131921414
120.080614516340
120.218996721478
120.196273795004
119.965385194399
119.716119296112
119.695243432628
119.872058719315
120.125087671863
120.312700839085
120.249066398002
119.988423018197
119.772293049652
119.730280635083
119.836731266904
120.066887989355
120.230345763004
120.305716231856
120.264977687929
120.125268965135
119.904971919594
119.784420437229
119.753861204818
119.962019440391
120.085370857098
120.113477056673
119.981865856324
119.857550668540
119.881182751788
120.002603319614
120.147313568768
120.212056248754
120.199217884652
120.062924678417
119.859194229187
119.699433734213
119.687377530383
119.836714959704
120.057856358627
120.293100617235
120.367481806461
120.252621221989
120.003180982295
119.768073550953
119.664120364294
119.740843814761
119.909983718895
120.157946405377
120.279845106464
120.225827975392
120.065757321104
119.947874078467
119.881797391192
119.897102246163
119.989065856126
120.105141862990
120.086321077004
119.915769391649
119.815354954182
119.847314084482
119.982913432388
120.090162748903
120.137201383521
120.141347597617
120.131265983325
120.042031649443
119.914571856921
119.775512553702
119.608518926159
119.547074053297
119.689623145866
120.105336934571
120.645757553228
121.293342864957
122.117241971457
123.314026363124
124.838848255530
126.013531242861
125.331243620010
122.254381590347
117.195145997302
109.942848337176
99.7173084163092
88.3148065507960
74.9661104369820
60.9654335910601
48.3599726691477
39.7572168281968
35.9206850173557
34.1125003384346
35.5902041098433
39.0386957261622
41.9562398321991
43.2879609870261
42.1832806999491
39.9270678719756
38.7544003884262
37.7640395929296
38.0662911109878
39.6716532449967
40.5966014220916
41.4036534354688
41.2897654283518
39.9049873146543
39.3132795149595
38.9652536421737
38.9754447701971
40.1476666191777
40.5486840573809
40.7341926322206
40.8108015264793
39.7978383270070
39.4032727143859
39.4866458447466
39.3815483697573
40.2567282217731
40.5969554693713
40.3036596510914
40.4230075561966
39.7624212411042
39.3640002828711
39.8141272449333
39.7450501081057
40.2482920638585
40.6129706115543
40.0675563106242
40.1319348219902
39.8602348729596
39.4562553091626
39.9992407643553
40.0167833789225
40.0998986979377
40.5440596320838
39.9759706159478
39.8066214344294
39.8620077976757
39.4666763497544
39.9724792237637
40.1469232328176
39.9399612764158
40.3659891913024
40.0565868617401
39.8138193809250
40.1161341465296
39.6837407026648
39.8614309383560
40.2263652057801
39.9181956530145
40.2382801820837
40.1290769264050
39.6658443536411
40.0358479864051
39.8029127102307
39.8209330506898
40.3057073566601
40.0045168318093
40.1330393523183
40.2516949950687
39.7323199958133
40.0013645367041
39.9450395757236
39.6750298845669
40.1959246819402
40.0915394076023
40.0057197940980
40.3264192453847
39.8342291731619
39.8697658579416
40.0922620265975
39.7349938412210
40.1604011849859
40.2177822206403
39.8950505850591
40.2510424308414
39.8907897041600
39.6935563083576
40.1372712229542
39.8394601084447
40.0150545657696
40.2358228786533
39.8137216990958
40.0665129831117
40.0392780147932
39.6946154199889
40.1641811968639
39.9946857112890
39.9028990538556
40.2994049597537
39.9285108063230
39.9613769221893
40.1750583782275
39.7710666047773
40.0787822753680
40.1058170748277
39.7840373148361
40.1816287175781
39.9300922967361
39.7777717465215
40.1628204943485
39.8272385219094
40.0034556747592
40.3098429876774
39.8914664662015
40.1428862341624
40.0821293618763
39.7151181564346
40.1088868506151
39.9108040081254
39.7862009496590
40.2208847095646
39.8977492417767
40.0369658758640
40.2887332356658
39.8401435880857
40.0389436439430
40.0177741342547
39.6905344454964
40.1622481968504
40.0496375353576
39.8973626343358
40.2928537246697
39.9093471235194
39.9255736520541
40.1272948038874
39.7050634197951
40.0643281391997
40.1749990853600
39.8994541070423
40.3358573829818
40.1532639837556
39.9036456601988
40.2182276350507
39.7923978896225
39.7882184970129
40.1186580109542
39.8219633235723
40.1876469955267
40.2470440580281
39.7893426396755
40.0513981490035
39.8425389119055
39.7323085949466
40.2604746192220
39.9864057758621
40.0460203280039
40.2687623264198
39.7607495491545
39.9867746675523
40.0431624035203
39.7795400344103
40.2393686527783
40.0579971032154
39.7881378475574
40.1815031221298
39.8377256730627
39.8944315592589
40.1845421301474
39.8865729117138
40.1510924518871
40.1469232326721
39.7122936624311
40.0605722404830
39.8961018147893
39.7729734850206
40.2633353787378
39.9815523010676
40.0375045700362
40.2511892789070
39.7248418740930
39.9125848771111
40.0831628097520
39.9144828199783
40.4597999520338
40.2493827363975
39.7519749014012
39.8258381963236
39.2031414065066
39.0004756055165
39.0700614968956
38.6448681546239
39.4186883240005
40.9471218676144
44.1866361292539
49.9562447664189
57.5889979508214
66.1864195265619
73.1955315314075
77.0174844272379
77.5954000500392
75.3963478103081
72.5305950522115
70.9087939278293
71.5240461880191
73.9690751426574
76.5252435592459
77.4990493871412
76.7614857758614
75.3037812612561
73.8892780867267
73.1709573037910
73.3920925122430
74.4534327576405
75.7869540013029
76.7163877069363
76.4817599370093
75.1549083744642
73.8224157179186
73.4666304322136
74.2032376186872
75.3962789847288
76.0006919664003
75.7689805114591
75.1943827238963
74.7539120898682
74.5537058418897
74.5112112339483
74.5601784460296
74.8363043558510
75.4006853641917
75.8425155925647
75.5857995487644
74.8119750000861
74.2330846836688
74.3192313274449
74.9421509917761
75.4741535872469
75.4377521102970
75.0914055455142
74.8939388629278
74.9534453572154
74.9607028345696
74.7923946954886
74.6836992335870
74.8513706811990
75.3042208065585
75.5284939031374
75.1614988890863
74.6206189377719
74.4691200614956
74.8428339642379
75.3408881168475
75.3732826486798
75.0107999883191
74.7637072080312
74.9310415458223
75.1921259291581
75.1549468499256
74.8108252082486
74.6505257885198
74.9123963270746
75.3351002502727
75.3726994166591
74.9660265731604
74.6211025683393
74.7341987703023
75.1329904312063
75.3583650662471
75.1505022339999
74.8724734663643
74.8741733642688
75.1263074728512
75.2078675739102
74.9482661763831
74.6895674404749
74.7881598930603
75.2032718259500
75.4409202885757
75.1723726751425
74.7055610899158
74.6014686402352
74.9386984864378
75.2870035166231
75.2207219405985
74.8743111642480
74.7411659016748
75.0097809757661
75.3482762902822
75.2539718375267
74.8622077818881
74.6343354611748
74.8127507445030
75.1657916332582
75.2099532579084
74.9115890725343
74.6987822373753
74.9164236940220
75.3087128608474
75.3499512305525
74.9299868420130
74.5569691956343
74.6934225558796
75.2095385834670
75.4700092899263
75.1767892893692
74.7372256811389
74.6773830930181
74.9860373060650
75.2737253162934
75.1505751527050
74.8177847178756
74.7505109488368
75.0106120316068
75.2735484923310
75.1001333298257
74.7191588182208
74.6222279234997
74.9833949816853
75.4032670408919
75.3787212585667
74.9922502438535
74.6597007723082
74.7752010251234
75.1090000772785
75.1966445809653
74.9257756735490
74.6776613766617
74.8348834569241
75.1811057683341
75.2558791540134
74.9758039571524
74.7158355985002
74.8165534121423
75.1921308393543
75.3798162223258
75.1171692835260
74.7273311253615
74.6780408790862
75.0319863131460
75.3215211109190
75.1834105348931
74.8248236620052
74.6890787655138
74.9369828950154
75.2031000033890
75.0845447058278
74.7861573507744
74.7583279201501
75.1527249074896
75.4932087770310
75.3300155604909
74.8180323843929
74.5044182436896
74.6998642785767
75.1725251186798
75.3473808906600
75.0187605009655
74.7023622947060
74.8056042238695
75.1614048211718
75.2891022563477
75.0187305584125
74.7346129745549
74.8351369962866
75.2228184367380
75.3414784954003
75.0372281462877
74.6639220930912
74.6873514844698
75.0911935795828
75.3941696365485
75.1991874683773
74.7753884146611
74.6947531948508
74.9902452805273
75.2975823513007
75.1657923055690
74.7681691117932
74.6324713337617
74.9665772742569
75.3682146341968
75.3286981827440
74.9425634839930
74.6943041725183
74.8712635220081
75.2460439367148
75.2315261581508
74.8392074363104
74.6074460320468
74.8516724245101
75.2981714367597
75.4047850322918
74.9987495336334
74.6184912355774
74.6393838701183
75.0665995187698
75.3387144964378
75.1288554514789
74.7772110515464
74.7077997781143
75.0009454037163
75.2887951730802
75.1877472166326
74.8544393677601
74.7772067842499