0.00153398078788564
0.00153398078788564
0.00766990393942821
0.0291456349698272
0.0751650586063964
0.139592251697593
0.219359252667647
0.291456349698272
0.380427235395639
0.474000063456663
0.579844737820772
0.702563200851624
0.817611759943047
0.926524395882927
1.04310693576224
1.16122345642943
1.29007784261182
1.43580601746096
1.59687400018895
1.78248567552312
1.97423327400882
2.12149542964584
2.34238866310137
2.57862170443576
2.85013630389152
3.10631109546842
3.35634996389378
3.58491310128874
3.79506846922908
3.99448597165421
4.15708793517009
4.32429184104962
4.50069963165647
4.70318509565738
4.91794240596137
5.13423369705324
5.37660266153917
5.62970949154030
5.89969011020818
6.18194257517913
6.46266105936221
6.76638925536356
7.07471939372858
7.39532137839668
7.73433113251940
8.05953505955116
8.38320500579503
8.69460310573581
8.98452547464620
9.25910803567773
9.51221486567886
9.75765179174056
9.96167123652935
10.1549528158029
10.3390305103492
10.5139043201682
10.6841761876235
10.8575160166546
11.0308558456856
11.2026616939288
11.3621956958689
11.5140597938696
11.6536520455672
11.7763705085981
11.8822151829622
11.9788559725990
12.0478851080538
12.1000404548419
12.1399239553270
12.1690695902968
12.1982152252666
12.2273608602364
12.2488365912668
12.2749142646609
12.3009919380550
12.3209336882975
12.3408754385400
12.3531472848431
12.3592832079946
12.3608171887825
12.3577492272067
12.3485453424794
12.3347395153884
12.3193997075096
12.2979239764792
12.2749142646609
12.2519045528426
12.2273608602364
12.2043511484182
12.1844093981756
12.1629336671452
12.1429919169027
12.1230501666602
12.1046423972056
12.0893025893267
12.0724288006600
12.0601569543569
12.0478851080538
12.0371472425386
12.0279433578113
12.0202734538719
12.0141375307203
12.0080016075688
12.0049336459930
12.0003317036294
11.9987977228415
11.9972637420536
11.9972637420536
11.9957297612657
11.9957297612657
11.9957297612657
11.9957297612657
11.9957297612657
11.9957297612657
11.9957297612657
11.9957297612657
11.9957297612657
11.9957297612657
11.9957297612657
11.9957297612657
11.9941957804778
11.9941957804778
11.9957297612657
11.9957297612657
11.9972637420536
11.9972637420536
11.9972637420536
11.9957297612657
11.9957297612657
11.9941957804778
11.9941957804778
11.9941957804778
11.9941957804778
11.9941957804778
11.9941957804778
11.9941957804778
11.9941957804778
11.9941957804778
11.9941957804778
11.9941957804778
11.9941957804778
11.9941957804778
11.9941957804778
11.9941957804778
11.9941957804778
11.9941957804778
11.9941957804778
11.9941957804778
11.9941957804778
11.9941957804778
11.9941957804778
11.9941957804778
11.9941957804778
11.9941957804778
11.9941957804778
11.9941957804778
11.9941957804778
11.9941957804778
11.9941957804778
11.9941957804778
11.9941957804778
11.9941957804778
11.9941957804778
11.9941957804778
11.9957297612657
11.9957297612657
11.9957297612657
11.9957297612657
11.9957297612657
11.9957297612657
11.9957297612657
11.9957297612657
11.9957297612657
11.9957297612657
11.9957297612657
11.9957297612657
11.9957297612657
11.9957297612657
11.9957297612657
11.9957297612657
11.9957297612657
11.9957297612657
11.9957297612657
11.9957297612657
11.9957297612657
11.9957297612657
11.9957297612657
11.9957297612657
11.9957297612657
11.9957297612657
11.9957297612657
11.9957297612657
11.9957297612657
11.9957297612657
11.9957297612657
11.9957297612657
11.9957297612657
11.9957297612657
11.9957297612657
11.9957297612657
11.9957297612657
11.9957297612657
11.9957297612657
11.9957297612657
11.9957297612657
11.9957297612657
11.9957297612657
11.9957297612657
11.9957297612657
11.9957297612657
11.9957297612657
11.9957297612657
11.9957297612657
11.9972637420536
11.9972637420536
11.9972637420536
11.9972637420536
11.9972637420536
11.9972637420536
11.9972637420536
11.9972637420536
11.9957297612657
11.9957297612657
11.9957297612657
11.9972637420536
11.9972637420536
11.9972637420536
11.9972637420536
11.9972637420536
11.9972637420536
11.9972637420536
11.9972637420536
11.9972637420536
11.9972637420536
11.9972637420536
11.9972637420536
11.9972637420536
11.9972637420536
11.9972637420536
11.9972637420536
11.9972637420536
11.9972637420536
11.9972637420536
11.9972637420536
11.9972637420536
11.9972637420536
11.9972637420536
11.9972637420536
11.9972637420536
11.9972637420536
11.9972637420536
11.9972637420536
11.9972637420536
11.9972637420536
11.9972637420536
11.9972637420536
11.9972637420536
11.9972637420536
11.9972637420536
11.9972637420536
11.9972637420536
11.9972637420536
11.9972637420536
11.9972637420536
11.9972637420536
11.9972637420536
11.9972637420536
11.9972637420536
11.9972637420536
11.9972637420536
11.9972637420536
11.9972637420536
11.9972637420536
11.9972637420536
11.9972637420536
11.9972637420536
11.9972637420536
11.9972637420536
11.9972637420536
11.9972637420536
11.9972637420536
11.9972637420536
11.9972637420536
11.9972637420536
11.9972637420536
11.9972637420536
11.9972637420536
11.9972637420536
11.9972637420536
11.9972637420536
11.9972637420536
11.9972637420536
11.9972637420536
11.9972637420536
11.9972637420536
11.9972637420536
11.9972637420536
11.9972637420536
11.9972637420536
11.9972637420536
11.9972637420536
11.9972637420536
11.9972637420536
11.9972637420536
11.9972637420536
11.9972637420536
11.9972637420536
11.9972637420536
11.9972637420536
11.9972637420536
11.9972637420536
11.9972637420536
11.9972637420536
11.9972637420536
11.9972637420536
11.9972637420536
11.9972637420536
11.9987977228415
11.9987977228415
11.9987977228415
11.9987977228415
11.9987977228415
11.9987977228415
12.0003317036294
12.0003317036294
12.0003317036294
12.0003317036294
12.0003317036294
12.0003317036294
12.0018656844173
12.0018656844173
12.0018656844173
12.0018656844173
12.0018656844173
12.0018656844173
12.0018656844173
12.0018656844173
12.0018656844173
12.0018656844173
12.0018656844173
12.0018656844173
12.0018656844173
12.0018656844173
12.0018656844173
12.0018656844173
12.0018656844173
12.0018656844173
12.0018656844173
12.0018656844173
12.0018656844173
12.0018656844173
12.0018656844173
12.0018656844173
12.0018656844173
12.0018656844173
12.0018656844173
12.0018656844173
12.0018656844173
12.0018656844173
12.0018656844173
12.0018656844173
12.0018656844173
12.0018656844173
12.0018656844173
12.0018656844173
12.0018656844173
12.0018656844173
12.0018656844173
12.0018656844173
12.0018656844173
12.0018656844173
12.0018656844173
12.0018656844173
12.0018656844173
12.0018656844173
12.0018656844173
12.0018656844173
12.0018656844173
12.0018656844173
12.0018656844173
12.0018656844173
12.0018656844173
12.0018656844173
12.0018656844173
12.0018656844173
12.0018656844173
12.0018656844173
12.0018656844173
12.0018656844173
12.0018656844173
12.0018656844173
12.0018656844173
12.0018656844173
12.0018656844173
12.0018656844173
12.0018656844173
12.0018656844173
12.0018656844173
12.0018656844173
12.0018656844173
12.0018656844173
12.0018656844173
12.0018656844173
12.0018656844173
12.0018656844173
12.0018656844173
12.0018656844173
12.0018656844173
12.0018656844173
12.0018656844173
12.0018656844173
12.0018656844173
12.0018656844173
12.0018656844173
12.0018656844173
12.0018656844173
12.0018656844173
12.0018656844173
12.0018656844173
12.0018656844173
12.0018656844173
12.0018656844173
12.0018656844173
12.0018656844173
12.0018656844173
12.0018656844173
12.0018656844173
12.0018656844173
12.0018656844173
12.0018656844173
12.0018656844173
12.0018656844173
12.0018656844173
12.0018656844173
12.0018656844173
12.0018656844173
12.0018656844173
12.0018656844173
12.0018656844173
12.0018656844173
12.0018656844173
12.0018656844173
12.0018656844173
12.0018656844173
12.0018656844173
12.0018656844173
12.0018656844173
12.0018656844173
12.0018656844173
12.0018656844173
12.0018656844173
12.0018656844173
12.0018656844173
12.0018656844173
12.0018656844173
12.0018656844173
12.0018656844173
12.0018656844173
12.0018656844173
12.0018656844173
12.0018656844173
12.0018656844173
12.0018656844173
12.0018656844173
12.0018656844173
12.0018656844173
12.0018656844173
12.0018656844173
12.0018656844173
12.0018656844173
12.0018656844173
12.0018656844173
12.0003317036294
11.9911278189021
11.9635161647201
11.9190307218714
11.8546035287802
11.7717685662344
11.6705258342340
11.5539432943547
11.4204869658086
11.2686228678079
11.0983510003526
10.9127393250185
10.7041179378660
10.4832247044105
10.2439237015003
9.98928289071130
9.72083625283131
9.43551582628458
9.13485559185899
8.82499147270609
8.51052541118954
8.15924381076373
7.80642822955003
7.44901070597267
7.11460289421360
6.81701062136379
6.45345717463489
6.04388430426943
5.62050560681299
5.17718515911404
4.72159286511200
4.25219474401900
3.76592283425925
3.26891305898430
2.76116541819415
2.24574787346458
1.72266042479558
1.19497103376291
0.644271930911969
0.0905048664852528
-0.474000063456663
-1.05537878206532
-1.65516527012861
-2.26875758528286
-2.88541786201289
-3.51741794662178
-4.12487433862449
-4.72312684589989
-5.28916575662969
-5.84753476342006
-6.39056396233158
-6.92285529572790
-7.46281653306364
-7.96289426991436
-8.44763219888623
-8.90782643525192
-9.34347697901144
-9.74384596464959
-10.1273411616210
-10.4801567428347
-10.8099626122301
-11.1121568274436
-11.3959432732024
-11.6475161224157
-11.8760792598106
-12.0847006469631
-12.2641763991457
-12.4252443818737
-12.5663706143592
-12.6844871350264
-12.7826619054510
-12.8593609448453
-12.9130502724213
-12.9437298881790
-12.9560017344821
-12.9483318305427
-12.9268560995123
-12.8900405606030
-12.8394191946028
-12.7780599630874
-12.7105648084204
-12.6384677113898
-12.5648366335713
-12.4927395365407
-12.4206424395100
-12.3531472848431
-12.2841181493882
-12.2242928986607
-12.1690695902968
-12.1199822050845
-12.0770307430237
-12.0417491849023
-12.0110695691446
-11.9849918957505
-11.9681181070838
-11.9573802415686
-11.9512443184170
-11.9497103376291
-11.9512443184170
-11.9527782992049
-11.9543122799928
-11.9573802415686
-11.9589142223565
-11.9604482031443
-11.9619821839322
-11.9635161647201
-11.9650501455080
-11.9650501455080
-11.9665841262959
-11.9665841262959
-11.9665841262959
-11.9665841262959
-11.9665841262959
-11.9665841262959
-11.9665841262959
-11.9681181070838
-11.9681181070838
-11.9696520878717
-11.9696520878717
-11.9711860686595
-11.9727200494474
-11.9727200494474
-11.9742540302353
-11.9757880110232
-11.9788559725990
-11.9803899533869
-11.9819239341747
-11.9834579149626
-11.9849918957505
-11.9865258765384
-11.9880598573263
-11.9911278189021
-11.9926617996899
-11.9941957804778
-11.9957297612657
-11.9972637420536
-11.9987977228415
-11.9987977228415
-12.0003317036294
-12.0003317036294
-12.0018656844173
-12.0018656844173
-12.0018656844173
-12.0018656844173
-12.0018656844173
-12.0033996652051
-12.0033996652051
-12.0033996652051
-12.0033996652051
-12.0033996652051
-12.0033996652051
-12.0033996652051
-12.0033996652051
-12.0033996652051
-12.0033996652051
-12.0033996652051
-12.0033996652051
-12.0033996652051
-12.0033996652051
-12.0033996652051
-12.0033996652051
-12.0033996652051
-12.0033996652051
-12.0033996652051
-12.0033996652051
-12.0033996652051
-12.0033996652051
-12.0033996652051
-12.0033996652051
-12.0033996652051
-12.0033996652051
-12.0033996652051
-12.0033996652051
-12.0033996652051
-12.0033996652051
-12.0033996652051
-12.0033996652051
-12.0033996652051
-12.0033996652051
-12.0033996652051
-12.0033996652051
-12.0033996652051
-12.0033996652051
-12.0033996652051
-12.0033996652051
-12.0033996652051
-12.0033996652051
-12.0033996652051
-12.0033996652051
-12.0033996652051
-12.0033996652051
-12.0033996652051
-12.0033996652051
-12.0033996652051
-12.0033996652051
-12.0033996652051
-12.0033996652051
-12.0033996652051
-12.0033996652051
-12.0033996652051
-12.0018656844173
-12.0018656844173
-12.0018656844173
-12.0018656844173
-12.0033996652051
-12.0033996652051
-12.0018656844173
-12.0018656844173
-12.0018656844173
-12.0018656844173
-12.0018656844173
-12.0018656844173
-12.0018656844173
-12.0018656844173
-12.0018656844173
-12.0018656844173
-12.0018656844173
-12.0018656844173
-12.0018656844173
-12.0018656844173
-12.0018656844173
-12.0018656844173
-12.0018656844173
-12.0018656844173
-12.0018656844173
-12.0018656844173
-12.0018656844173
-12.0018656844173
-12.0018656844173
-12.0018656844173
-12.0018656844173
-12.0018656844173
-12.0018656844173
-12.0018656844173
-12.0018656844173
-12.0018656844173
-12.0018656844173
-12.0018656844173
-12.0018656844173
-12.0018656844173
-12.0018656844173
-12.0018656844173
-12.0018656844173
-12.0018656844173
-12.0018656844173
-12.0018656844173
-12.0018656844173
-12.0018656844173
-12.0018656844173
-12.0018656844173
-12.0018656844173
-12.0018656844173
-12.0018656844173
-12.0018656844173
-12.0018656844173
-12.0018656844173
-12.0018656844173
-12.0018656844173
-12.0018656844173
-12.0018656844173
-12.0018656844173
-12.0018656844173
-12.0018656844173
-12.0018656844173
-12.0018656844173
-12.0018656844173
-12.0018656844173
-12.0018656844173
-12.0018656844173
-12.0018656844173
-12.0018656844173
-12.0018656844173
-12.0018656844173
-12.0018656844173
-12.0018656844173
-12.0018656844173
-12.0018656844173
-12.0018656844173
-12.0018656844173
-12.0018656844173
-12.0018656844173
-12.0018656844173
-12.0018656844173
-12.0018656844173
-12.0018656844173
-12.0018656844173
-12.0018656844173
-12.0018656844173
-12.0018656844173
-12.0018656844173
-12.0018656844173
-12.0018656844173
-12.0018656844173
-12.0018656844173
-12.0018656844173
-12.0018656844173
-12.0018656844173
-12.0018656844173
-12.0018656844173
-12.0018656844173
-12.0018656844173
-12.0018656844173
-12.0018656844173
-12.0018656844173
-12.0018656844173
-12.0018656844173
-12.0018656844173
-12.0018656844173
-12.0018656844173
-12.0018656844173
-12.0018656844173
-12.0018656844173
-12.0018656844173
-12.0018656844173
-12.0018656844173
-12.0018656844173
-12.0018656844173
-12.0018656844173
-12.0018656844173
-12.0018656844173
-12.0018656844173
-12.0018656844173
-12.0018656844173
-12.0018656844173
-12.0018656844173
-12.0018656844173
-12.0018656844173
-12.0018656844173
-12.0018656844173
-12.0018656844173
-12.0018656844173
-12.0018656844173
-12.0018656844173
-12.0018656844173
-12.0018656844173
-12.0018656844173
-12.0018656844173
-12.0018656844173
-12.0018656844173
-12.0018656844173
-12.0018656844173
-12.0018656844173
-12.0018656844173
-12.0018656844173
-12.0018656844173
-12.0018656844173
-12.0018656844173
-12.0018656844173
-12.0018656844173
-12.0018656844173
-12.0018656844173
-12.0018656844173
-12.0018656844173
-12.0018656844173
-12.0018656844173
-12.0018656844173
-12.0018656844173
-12.0018656844173
-12.0018656844173
-12.0018656844173
-12.0018656844173
-12.0018656844173
-12.0018656844173
-12.0018656844173
-12.0018656844173
-12.0018656844173
-12.0018656844173
-12.0018656844173
-12.0018656844173
-12.0018656844173
-12.0018656844173
-12.0018656844173
-12.0018656844173
-12.0018656844173
-12.0018656844173
-12.0018656844173
-12.0018656844173
-12.0018656844173
-12.0018656844173
-12.0018656844173
-12.0018656844173
-12.0018656844173
-12.0018656844173
-12.0018656844173
-12.0018656844173
-12.0018656844173
-12.0018656844173
-12.0018656844173
-12.0018656844173
-12.0018656844173
-12.0018656844173
-12.0018656844173
-12.0018656844173
-12.0018656844173
-12.0018656844173
-12.0018656844173
-12.0018656844173
-12.0018656844173
-12.0018656844173
-12.0018656844173
-12.0018656844173
-12.0018656844173
-12.0018656844173
-12.0018656844173
-12.0018656844173
-12.0018656844173
-12.0018656844173
-12.0018656844173
-12.0018656844173
-12.0018656844173
-12.0018656844173
-12.0018656844173
-12.0018656844173
-12.0018656844173
-12.0018656844173
-12.0018656844173
-12.0018656844173
-12.0018656844173
-12.0018656844173
-12.0018656844173
-12.0018656844173
-12.0018656844173
-12.0018656844173
-12.0018656844173
-12.0018656844173
-12.0018656844173
-12.0018656844173
-12.0018656844173
-12.0018656844173
-12.0018656844173
-12.0018656844173
-12.0018656844173
-12.0018656844173
-12.0018656844173
-12.0018656844173
-12.0018656844173
-12.0018656844173
-12.0018656844173
-12.0018656844173
-12.0018656844173
-12.0018656844173
-12.0018656844173
-12.0018656844173
-12.0018656844173
-12.0018656844173
-12.0018656844173
-12.0018656844173
-12.0018656844173
-12.0018656844173
-12.0018656844173
-12.0018656844173
-12.0018656844173
-12.0018656844173
-12.0018656844173
-12.0018656844173
-12.0018656844173
-12.0018656844173
-12.0018656844173
-12.0018656844173
-12.0018656844173
-12.0018656844173
-12.0018656844173
-12.0018656844173
-12.0018656844173
-12.0018656844173
-12.0018656844173
-12.0018656844173
-12.0018656844173
-12.0018656844173
-12.0018656844173
-12.0018656844173
-12.0018656844173
-12.0018656844173
-12.0018656844173
-12.0018656844173
-12.0018656844173
-12.0018656844173
-12.0018656844173
-12.0018656844173
-12.0018656844173
-12.0018656844173
-12.0018656844173
-12.0018656844173
-12.0018656844173
-12.0018656844173
-12.0018656844173
-12.0003317036294
-12.0003317036294
-12.0003317036294
-12.0003317036294
-12.0003317036294
-12.0003317036294
-12.0003317036294
-12.0003317036294
-12.0003317036294
-12.0003317036294
-12.0003317036294
-12.0003317036294
-12.0003317036294
-12.0003317036294
-12.0003317036294
-12.0003317036294
-12.0003317036294
-12.0003317036294
-12.0003317036294
-12.0003317036294
-12.0003317036294
-12.0003317036294
-12.0003317036294
-12.0003317036294
-12.0003317036294
-12.0003317036294
-12.0003317036294
-12.0003317036294
-12.0003317036294
-12.0003317036294
-12.0003317036294
-12.0003317036294
-12.0003317036294
-12.0003317036294
-12.0003317036294
-12.0003317036294
-12.0003317036294
-12.0003317036294
-12.0003317036294
-12.0003317036294
-12.0003317036294
-12.0003317036294
-12.0003317036294