0.0524899999999988
0.242699999999999
0.426780000000001
0.616990000000001
0.807200000000002
0.991280000000000
1.18149000000000
1.36556000000000
1.54964000000000
1.72758000000000
1.91165000000000
2.09573000000000
2.27367000000000
2.45161000000000
2.62341000000000
2.80135000000000
2.97315000000000
3.14496000000000
3.31676000000000
3.48856000000000
3.66037000000000
3.82603000000000
3.99784000000000
4.16351000000000
4.32917000000000
4.49484000000000
4.66051000000000
4.82618000000000
4.99184000000000
5.15137000000000
5.31704000000000
5.47658000000000
5.63611000000000
5.79564000000000
5.95517000000000
6.10857000000000
6.26810000000000
6.42150000000000
6.57489000000000
6.72215000000000
6.86941000000000
7.01667000000000
7.16393000000000
7.30506000000000
7.45232000000000
7.58731000000000
7.72843000000000
7.86342000000000
7.99841000000000
8.13339000000000
8.26225000000000
8.39110000000000
8.51382000000000
8.64267000000000
8.76538000000000
8.88197000000000
8.99855000000000
9.11513000000000
9.23171000000000
9.34216000000000
9.45260000000000
9.55691000000000
9.66735000000000
9.77166000000000
9.86983000000000
9.97415000000000
10.0723200000000
10.1704900000000
10.2625300000000
10.3607000000000
10.4527400000000
10.5386400000000
10.6306800000000
10.7165800000000
10.8024800000000
10.8822500000000
10.9681500000000
11.0479200000000
11.1215500000000
11.2013100000000
11.2749400000000
11.3485800000000
11.4160700000000
11.4897000000000
11.5571900000000
11.6246900000000
11.6860500000000
11.7474000000000
11.8087600000000
11.8701200000000
11.9253400000000
11.9867000000000
12.0419200000000
12.0910100000000
12.1462300000000
12.1953200000000
12.2382700000000
12.2873600000000
12.3303100000000
12.3732600000000
12.4162100000000
12.4530300000000
12.4898400000000
12.5266600000000
12.5634700000000
12.5941500000000
12.6309700000000
12.6616400000000
12.6861900000000
12.7168700000000
12.7414100000000
12.7659500000000
12.7905000000000
12.8089000000000
12.8273100000000
12.8457200000000
12.8641300000000
12.8825300000000
12.8948100000000
12.9070800000000
12.9193500000000
12.9316200000000
12.9438900000000
12.9500300000000
12.9561700000000
12.9623000000000
12.9684400000000
12.9684400000000
12.9745700000000
12.9745700000000
12.9745700000000
12.9745700000000
12.9745700000000
12.9745700000000
12.9745700000000
12.9745700000000
12.9745700000000
12.9745700000000
12.9745700000000
12.9745700000000
12.9745700000000
12.9745700000000
12.9745700000000
12.9745700000000
12.9745700000000
12.9745700000000
12.9684400000000
12.9684400000000
12.9623000000000
12.9623000000000
12.9623000000000
12.9623000000000
12.9561700000000
12.9561700000000
12.9561700000000
12.9561700000000
12.9561700000000
12.9500300000000
12.9500300000000
12.9500300000000
12.9500300000000
12.9500300000000
12.9561700000000
12.9561700000000
12.9561700000000
12.9561700000000
12.9561700000000
12.9561700000000
12.9561700000000
12.9561700000000
12.9561700000000
12.9561700000000
12.9561700000000
12.9561700000000
12.9561700000000
12.9561700000000
12.9561700000000
12.9561700000000
12.9561700000000
12.9561700000000
12.9561700000000
12.9561700000000
12.9561700000000
12.9561700000000
12.9561700000000
12.9561700000000
12.9561700000000
12.9561700000000
12.9561700000000
12.9561700000000
12.9561700000000
12.9561700000000
12.9561700000000
12.9561700000000
12.9561700000000
12.9561700000000
12.9561700000000
12.9561700000000
12.9561700000000
12.9561700000000
12.9561700000000
12.9561700000000
12.9561700000000
12.9561700000000
12.9561700000000
12.9561700000000
12.9561700000000
12.9561700000000
12.9561700000000
12.9561700000000
12.9561700000000
12.9561700000000
12.9561700000000
12.9561700000000
12.9561700000000
12.9561700000000
12.9561700000000
12.9561700000000
12.9561700000000
12.9561700000000
12.9561700000000
12.9561700000000
12.9561700000000
12.9561700000000
12.9561700000000
12.9561700000000
12.9561700000000
12.9561700000000
12.9561700000000
12.9561700000000
12.9561700000000
12.9561700000000
12.9561700000000
12.9561700000000
12.9561700000000
12.9561700000000
12.9561700000000
12.9561700000000
12.9561700000000
12.9561700000000
12.9561700000000
12.9561700000000
12.9561700000000
12.9561700000000
12.9561700000000
12.9561700000000
12.9561700000000
12.9561700000000
12.9561700000000
12.9561700000000
12.9561700000000
12.9561700000000
12.9561700000000
12.9561700000000
12.9561700000000
12.9561700000000
12.9561700000000
12.9561700000000
12.9561700000000
12.9561700000000
12.9561700000000
12.9561700000000
12.9561700000000
12.9561700000000
12.9561700000000
12.9561700000000
12.9561700000000
12.9561700000000
12.9561700000000
12.9561700000000
12.9561700000000
12.9561700000000
12.9561700000000
12.9561700000000
12.9561700000000
12.9561700000000
12.9561700000000
12.9561700000000
12.9561700000000
12.9561700000000
12.9561700000000
12.9561700000000
12.9561700000000
12.9561700000000
12.9561700000000
12.9561700000000
12.9561700000000
12.9561700000000
12.9561700000000
12.9561700000000
12.9561700000000
12.9561700000000
12.9561700000000
12.9561700000000
12.9561700000000
12.9561700000000
12.9561700000000
12.9561700000000
12.9561700000000
12.9561700000000
12.9561700000000
12.9561700000000
12.9561700000000
12.9561700000000
12.9561700000000
12.9561700000000
12.9561700000000
12.9561700000000
12.9561700000000
12.9561700000000
12.9561700000000
12.9561700000000
12.9561700000000
12.9561700000000
12.9561700000000
12.9561700000000
12.9561700000000
12.9561700000000
12.9561700000000
12.9561700000000
12.9561700000000
12.9561700000000
12.9561700000000
12.9561700000000
12.9561700000000
12.9561700000000
12.9561700000000
12.9561700000000
12.9561700000000
12.9561700000000
12.9561700000000
12.9561700000000
12.9561700000000
12.9561700000000
12.9561700000000
12.9561700000000
12.9561700000000
12.9561700000000
12.9561700000000
12.9561700000000
12.9561700000000
12.9561700000000
12.9561700000000
12.9561700000000
12.9561700000000
12.9561700000000
12.9561700000000
12.9561700000000
12.9561700000000
12.9561700000000
12.9561700000000
12.9561700000000
12.9561700000000
12.9561700000000
12.9561700000000
12.9561700000000
12.9561700000000
12.9561700000000
12.9561700000000
12.9561700000000
12.9561700000000
12.9561700000000
12.9561700000000
12.9561700000000
12.9561700000000
12.9561700000000
12.9561700000000
12.9561700000000
12.9561700000000
12.9561700000000
12.9561700000000
12.9561700000000
12.9561700000000
12.9561700000000
12.9561700000000
12.9561700000000
12.9561700000000
12.9561700000000
12.9561700000000
12.9561700000000
12.9561700000000
12.9561700000000
12.9561700000000
12.9561700000000
12.9561700000000
12.9561700000000
12.9561700000000
12.9561700000000
12.9561700000000
12.9561700000000
12.9561700000000
12.9561700000000
12.9561700000000
12.9561700000000
12.9561700000000
12.9561700000000
12.9561700000000
12.9561700000000
12.9561700000000
12.9561700000000
12.9561700000000
12.9561700000000
12.9561700000000
12.9561700000000
12.9561700000000
12.9561700000000
12.9561700000000
12.9561700000000
12.9561700000000
12.9561700000000
12.9561700000000
12.9561700000000
12.9561700000000
12.9561700000000
12.9561700000000
12.9561700000000
12.9561700000000
12.9561700000000
12.9561700000000
12.9561700000000
12.9561700000000
12.9561700000000
12.9561700000000
12.9561700000000
12.9561700000000
12.9561700000000
12.9561700000000
12.9561700000000
12.9561700000000
12.9561700000000
12.9561700000000
12.9561700000000
12.9561700000000
12.9561700000000
12.9561700000000
12.9561700000000
12.9561700000000
12.9561700000000
12.9561700000000
12.9561700000000
12.9561700000000
12.9561700000000
12.9561700000000
12.9561700000000
12.9561700000000
12.9561700000000
12.9561700000000
12.9561700000000
12.9561700000000
12.9561700000000
12.9561700000000
12.9561700000000
12.9561700000000
12.9561700000000
12.9561700000000
12.9561700000000
12.9561700000000
12.9561700000000
12.9561700000000
12.9561700000000
12.9561700000000
12.9561700000000
12.9561700000000
12.9561700000000
12.9561700000000
12.9561700000000
12.9561700000000
12.9561700000000
12.9561700000000
12.9561700000000
12.9561700000000
12.9561700000000
12.9561700000000
12.9561700000000
12.9561700000000
12.9561700000000
12.9561700000000
12.9561700000000
12.9561700000000
12.9561700000000
12.9561700000000
12.9561700000000
12.9561700000000
12.9561700000000
12.9561700000000
12.9561700000000
12.9561700000000
12.9561700000000
12.9561700000000
12.9561700000000
12.9561700000000
12.9561700000000
12.9561700000000
12.9561700000000
12.9561700000000
12.9561700000000
12.9561700000000
12.9561700000000
12.9561700000000
12.9561700000000
12.9561700000000
12.9561700000000
12.9561700000000
12.9561700000000
12.9561700000000
12.9377600000000
12.9254800000000
12.9070800000000
12.8825300000000
12.8518600000000
12.8211700000000
12.7843600000000
12.7414100000000
12.6984600000000
12.6493700000000
12.6002800000000
12.5450600000000
12.4837000000000
12.4223400000000
12.3548500000000
12.2873600000000
12.2137300000000
12.1339600000000
12.0542000000000
11.9744300000000
11.8885300000000
11.8026300000000
11.7105900000000
11.6185500000000
11.5265100000000
11.4283400000000
11.3240300000000
11.2258600000000
11.1215500000000
11.0172400000000
10.9067900000000
10.7963500000000
10.6797700000000
10.5693200000000
10.4527400000000
10.3300200000000
10.2073100000000
10.0845900000000
9.96188000000000
9.83302000000000
9.70417000000000
9.56918000000000
9.43419000000000
9.29920000000000
9.16422000000000
9.02309000000000
8.88197000000000
8.74084000000000
8.59358000000000
8.44632000000000
8.29906000000000
8.14566000000000
7.99227000000000
7.83887000000000
7.68548000000000
7.52595000000000
7.36641000000000
7.20688000000000
7.04121000000000
6.90009000000000
6.73442000000000
6.57489000000000
6.40922000000000
6.24356000000000
6.07789000000000
5.91222000000000
5.74042000000000
5.56861000000000
5.40294000000000
5.23114000000000
5.06547000000000
4.89367000000000
4.72800000000000
4.55620000000000
4.38440000000000
4.21873000000000
4.04692000000000
3.87512000000000
3.70332000000000
3.53151000000000
3.36585000000000
3.19404000000000
3.02224000000000
2.85044000000000
2.67863000000000
2.50683000000000
2.32889000000000
2.15709000000000
1.98528000000000
1.80734000000000
1.63554000000000
1.45760000000000
1.28580000000000
1.10786000000000
0.936050000000002
0.758109999999999
0.580179999999999
0.402239999999999
0.230429999999998
0.0524899999999988
-0.125450000000001
-0.297249999999998
-0.475190000000001
-0.646989999999999
-0.824929999999998
-0.990600000000001
-1.16240000000000
-1.33421000000000
-1.49987000000000
-1.66554000000000
-1.83121000000000
-1.99688000000000
-2.16255000000000
-2.32821000000000
-2.48775000000000
-2.65341000000000
-2.80681000000000
-2.96634000000000
-3.12587000000000
-3.27927000000000
-3.43880000000000
-3.59220000000000
-3.74559000000000
-3.90512000000000
-4.05852000000000
-4.21192000000000
-4.36531000000000
-4.51871000000000
-4.66597000000000
-4.81936000000000
-4.96663000000000
-5.11388000000000
-5.26114000000000
-5.40841000000000
-5.55567000000000
-5.70292000000000
-5.84405000000000
-5.98517000000000
-6.12630000000000
-6.27356000000000
-6.40855000000000
-6.54967000000000
-6.69080000000000
-6.82578000000000
-6.95464000000000
-7.08962000000000
-7.21848000000000
-7.34733000000000
-7.47618000000000
-7.60504000000000
-7.72775000000000
-7.85047000000000
-7.96705000000000
-8.08977000000000
-8.20635000000000
-8.32293000000000
-8.43337000000000
-8.54382000000000
-8.65426000000000
-8.76471000000000
-8.86902000000000
-8.97333000000000
-9.07150000000000
-9.17581000000000
-9.27398000000000
-9.36602000000000
-9.46420000000000
-9.55623000000000
-9.64827000000000
-9.74031000000000
-9.82621000000000
-9.91825000000000
-10.0041500000000
-10.0839100000000
-10.1698200000000
-10.2495800000000
-10.3293500000000
-10.4091100000000
-10.4827400000000
-10.5563700000000
-10.6300000000000
-10.6975000000000
-10.7711300000000
-10.8386200000000
-10.8999800000000
-10.9674800000000
-11.0288300000000
-11.0840600000000
-11.1454200000000
-11.2006400000000
-11.2558600000000
-11.3110800000000
-11.3663100000000
-11.4153900000000
-11.4644800000000
-11.5135700000000
-11.5626500000000
-11.6056000000000
-11.6485500000000
-11.6915100000000
-11.7344600000000
-11.7774100000000
-11.8142200000000
-11.8510400000000
-11.8878500000000
-11.9246700000000
-11.9553500000000
-11.9921600000000
-12.0228400000000
-12.0535200000000
-12.0780600000000
-12.1087400000000
-12.1332900000000
-12.1578300000000
-12.1823700000000
-12.2069200000000
-12.2314600000000
-12.2560000000000
-12.2744100000000
-12.2928200000000
-12.3173600000000
-12.3357700000000
-12.3480400000000
-12.3664500000000
-12.3848600000000
-12.3971300000000
-12.4094000000000
-12.4278100000000
-12.4339400000000
-12.4462100000000
-12.4584800000000
-12.4646200000000
-12.4768900000000
-12.4830300000000
-12.4891600000000
-12.4953000000000
-12.4953000000000
-12.5014400000000
-12.5014400000000
-12.5075700000000
-12.5075700000000
-12.5075700000000
-12.5075700000000
-12.5075700000000
-12.5075700000000
-12.5014400000000
-12.5014400000000
-12.5014400000000
-12.5014400000000
-12.5014400000000
-12.5014400000000
-12.5014400000000
-12.5014400000000
-12.5014400000000
-12.5014400000000
-12.5014400000000
-12.5014400000000
-12.5014400000000
-12.5014400000000
-12.5014400000000
-12.5014400000000
-12.5014400000000
-12.5014400000000
-12.5014400000000
-12.5014400000000
-12.5014400000000
-12.5014400000000
-12.5014400000000
-12.5014400000000
-12.5014400000000
-12.5014400000000
-12.5014400000000
-12.5014400000000
-12.5014400000000
-12.5014400000000
-12.5014400000000
-12.5014400000000
-12.5014400000000
-12.5014400000000
-12.5014400000000
-12.5014400000000
-12.5014400000000
-12.5014400000000
-12.5014400000000
-12.5014400000000
-12.5014400000000
-12.5014400000000
-12.5014400000000
-12.5014400000000
-12.5014400000000
-12.5014400000000
-12.5014400000000
-12.5014400000000
-12.5014400000000
-12.5014400000000
-12.5014400000000
-12.5014400000000
-12.5014400000000
-12.5014400000000
-12.5014400000000
-12.5014400000000
-12.5014400000000
-12.5014400000000
-12.5014400000000
-12.5014400000000
-12.5014400000000
-12.5014400000000
-12.5014400000000
-12.5014400000000
-12.5014400000000
-12.5014400000000
-12.5014400000000
-12.5014400000000
-12.5014400000000
-12.5014400000000
-12.5014400000000
-12.5014400000000
-12.5014400000000
-12.5014400000000
-12.5014400000000
-12.5014400000000
-12.5014400000000
-12.5014400000000
-12.5014400000000
-12.5014400000000
-12.5014400000000
-12.5014400000000
-12.5014400000000
-12.5014400000000
-12.5014400000000
-12.5014400000000
-12.5014400000000
-12.5014400000000
-12.5014400000000
-12.5014400000000
-12.5014400000000
-12.5014400000000
-12.5014400000000
-12.5014400000000
-12.5014400000000
-12.5014400000000
-12.5014400000000
-12.5014400000000
-12.5014400000000
-12.5014400000000
-12.5014400000000
-12.5014400000000
-12.5014400000000
-12.5014400000000
-12.5014400000000
-12.5014400000000
-12.5014400000000
-12.5014400000000
-12.5014400000000
-12.5014400000000
-12.5014400000000
-12.5014400000000
-12.5014400000000
-12.5014400000000
-12.5014400000000
-12.5014400000000
-12.5014400000000
-12.5014400000000
-12.5014400000000
-12.5014400000000
-12.5014400000000
-12.5014400000000
-12.5014400000000
-12.5014400000000
-12.5014400000000
-12.5014400000000
-12.5014400000000
-12.5014400000000
-12.5014400000000
-12.5014400000000
-12.5014400000000
-12.5014400000000
-12.5014400000000
-12.5014400000000
-12.5014400000000
-12.5014400000000
-12.5014400000000
-12.5014400000000
-12.5014400000000
-12.5014400000000
-12.5014400000000
-12.5014400000000
-12.5014400000000
-12.5014400000000
-12.5014400000000
-12.5014400000000
-12.5014400000000
-12.5014400000000
-12.5014400000000
-12.5014400000000
-12.5014400000000
-12.5014400000000
-12.5014400000000
-12.5014400000000
-12.5014400000000
-12.5014400000000
-12.5014400000000
-12.5014400000000
-12.5014400000000
-12.5014400000000
-12.5014400000000
-12.5014400000000
-12.5014400000000
-12.5014400000000
-12.5014400000000
-12.5014400000000
-12.5014400000000
-12.5014400000000
-12.5014400000000
-12.5014400000000
-12.5014400000000
-12.5014400000000
-12.5014400000000
-12.5014400000000
-12.5014400000000
-12.5014400000000
-12.5014400000000
-12.5014400000000
-12.5014400000000
-12.5014400000000
-12.5014400000000
-12.5014400000000
-12.5014400000000
-12.5014400000000
-12.5014400000000
-12.5014400000000
-12.5014400000000
-12.5014400000000
-12.5014400000000
-12.5014400000000
-12.5014400000000
-12.5014400000000
-12.5014400000000
-12.5014400000000
-12.5014400000000
-12.5014400000000
-12.5014400000000
-12.5014400000000
-12.5014400000000
-12.5014400000000
-12.5014400000000
-12.5014400000000
-12.5014400000000
-12.5014400000000
-12.5014400000000
-12.5014400000000
-12.5014400000000
-12.5014400000000
-12.5014400000000
-12.5014400000000
-12.5014400000000
-12.5014400000000
-12.5014400000000
-12.5014400000000
-12.5014400000000
-12.5014400000000
-12.5014400000000
-12.5014400000000
-12.5014400000000
-12.5014400000000
-12.5014400000000
-12.5014400000000
-12.5014400000000
-12.5014400000000
-12.5014400000000
-12.5014400000000
-12.5014400000000
-12.5014400000000
-12.5014400000000
-12.5014400000000
-12.5014400000000
-12.5014400000000
-12.5014400000000
-12.5014400000000
-12.5014400000000
-12.5014400000000
-12.5014400000000
-12.5014400000000
-12.5014400000000
-12.5014400000000
-12.5014400000000
-12.5014400000000
-12.5014400000000
-12.5014400000000
-12.5014400000000
-12.5014400000000
-12.5014400000000
-12.5014400000000
-12.5014400000000
-12.5014400000000
-12.5014400000000