0
0
0
0
0
0
0.0540925600000000
0.0531721900000000
0.0522518200000000
0.0513621100000000
0.0504417400000000
0.0495213600000000
0.0486316700000000
0.0477419700000000
0.0468829500000000
0.0459932500000000
0.0451342400000000
0.0442752200000000
0.0434162000000000
0.0425571800000000
0.0416981700000000
0.0408698300000000
0.0400108100000000
0.0391824700000000
0.0383541300000000
0.0375258000000000
0.0366974500000000
0.0358691200000000
0.0350407800000000
0.0342431300000000
0.0334147800000000
0.0326171200000000
0.0318194700000000
0.0310218000000000
0.0302241400000000
0.0294571700000000
0.0286595100000000
0.0278925200000000
0.0271255500000000
0.0263892500000000
0.0256529400000000
0.0249166500000000
0.0241803500000000
0.0234747200000000
0.0227384200000000
0.0220634700000000
0.0213578600000000
0.0206829200000000
0.0200079700000000
0.0193330400000000
0.0186887700000000
0.0180445100000000
0.0174309200000000
0.0167866500000000
0.0161730800000000
0.0155901700000000
0.0150072700000000
0.0144243600000000
0.0138414600000000
0.0132892200000000
0.0127370100000000
0.0122154600000000
0.0116632300000000
0.0111416800000000
0.0106508300000000
0.0101292600000000
0.00963840500000000
0.00914753000000000
0.00868734400000000
0.00819648700000000
0.00773630100000000
0.00730678600000000
0.00684660000000000
0.00641708400000000
0.00598758700000000
0.00558874100000000
0.00515924500000000
0.00476041800000000
0.00439226200000000
0.00399343500000000
0.00362527800000000
0.00325712200000000
0.00291965500000000
0.00255151700000000
0.00221403100000000
0.00187656400000000
0.00156976700000000
0.00126298900000000
0.000956192000000000
0.000649395000000000
0.000373287200000000
6.64901700000000e-05
0.000209617600000000
0.000455055200000000
0.000731163000000000
0.000976600600000000
0.00119134900000000
0.00143678700000000
0.00165153500000000
0.00186630200000000
0.00208105100000000
0.00226512900000000
0.00244920700000000
0.00263328600000000
0.00281734500000000
0.00297075300000000
0.00315483100000000
0.00330822000000000
0.00343093900000000
0.00358432800000000
0.00370704700000000
0.00382976500000000
0.00395248400000000
0.00404451400000000
0.00413656200000000
0.00422859200000000
0.00432064100000000
0.00441267000000000
0.00447403000000000
0.00453538900000000
0.00459674800000000
0.00465810800000000
0.00471946700000000
0.00475013700000000
0.00478082700000000
0.00481149700000000
0.00484218600000000
0.00484218600000000
0.00487285600000000
0.00487285600000000
0.00487285600000000
0.00487285600000000
0.00487285600000000
0.00487285600000000
0.00487285600000000
0.00487285600000000
0.00487285600000000
0.00487285600000000
0.00487285600000000
0.00487285600000000
0.00487285600000000
0.00487285600000000
0.00487285600000000
0.00487285600000000
0.00487285600000000
0.00487285600000000
0.00484218600000000
0.00484218600000000
0.00481149700000000
0.00481149700000000
0.00481149700000000
0.00481149700000000
0.00478082700000000
0.00478082700000000
0.00478082700000000
0.00478082700000000
0.00478082700000000
0.00475013700000000
0.00475013700000000
0.00475013700000000
0.00475013700000000
0.00475013700000000
0.00478082700000000
0.00478082700000000
0.00478082700000000
0.00478082700000000
0.00478082700000000
0.00478082700000000
0.00478082700000000
0.00478082700000000
0.00478082700000000
0.00478082700000000
0.00478082700000000
0.00478082700000000
0.00478082700000000
0.00478082700000000
0.00478082700000000
0.00478082700000000
0.00478082700000000
0.00478082700000000
0.00478082700000000
0.00478082700000000
0.00478082700000000
0.00478082700000000
0.00478082700000000
0.00478082700000000
0.00478082700000000
0.00478082700000000
0.00478082700000000
0.00478082700000000
0.00478082700000000
0.00478082700000000
0.00478082700000000
0.00478082700000000
0.00478082700000000
0.00478082700000000
0.00478082700000000
0.00478082700000000
0.00478082700000000
0.00478082700000000
0.00478082700000000
0.00478082700000000
0.00478082700000000
0.00478082700000000
0.00478082700000000
0.00478082700000000
0.00478082700000000
0.00478082700000000
0.00478082700000000
0.00478082700000000
0.00478082700000000
0.00478082700000000
0.00478082700000000
0.00478082700000000
0.00478082700000000
0.00478082700000000
0.00478082700000000
0.00478082700000000
0.00478082700000000
0.00478082700000000
0.00478082700000000
0.00478082700000000
0.00478082700000000
0.00478082700000000
0.00478082700000000
0.00478082700000000
0.00478082700000000
0.00478082700000000
0.00478082700000000
0.00478082700000000
0.00478082700000000
0.00478082700000000
0.00478082700000000
0.00478082700000000
0.00478082700000000
0.00478082700000000
0.00478082700000000
0.00478082700000000
0.00478082700000000
0.00478082700000000
0.00478082700000000
0.00478082700000000
0.00478082700000000
0.00478082700000000
0.00478082700000000
0.00478082700000000
0.00478082700000000
0.00478082700000000
0.00478082700000000
0.00478082700000000
0.00478082700000000
0.00478082700000000
0.00478082700000000
0.00478082700000000
0.00478082700000000
0.00478082700000000
0.00478082700000000
0.00478082700000000
0.00478082700000000
0.00478082700000000
0.00478082700000000
0.00478082700000000
0.00478082700000000
0.00478082700000000
0.00478082700000000
0.00478082700000000
0.00478082700000000
0.00478082700000000
0.00478082700000000
0.00478082700000000
0.00478082700000000
0.00478082700000000
0.00478082700000000
0.00478082700000000
0.00478082700000000
0.00478082700000000
0.00478082700000000
0.00478082700000000
0.00478082700000000
0.00478082700000000
0.00478082700000000
0.00478082700000000
0.00478082700000000
0.00478082700000000
0.00478082700000000
0.00478082700000000
0.00478082700000000
0.00478082700000000
0.00478082700000000
0.00478082700000000
0.00478082700000000
0.00478082700000000
0.00478082700000000
0.00478082700000000
0.00478082700000000
0.00478082700000000
0.00478082700000000
0.00478082700000000
0.00478082700000000
0.00478082700000000
0.00478082700000000
0.00478082700000000
0.00478082700000000
0.00478082700000000
0.00478082700000000
0.00478082700000000
0.00478082700000000
0.00478082700000000
0.00478082700000000
0.00478082700000000
0.00478082700000000
0.00478082700000000
0.00478082700000000
0.00478082700000000
0.00478082700000000
0.00478082700000000
0.00478082700000000
0.00478082700000000
0.00478082700000000
0.00478082700000000
0.00478082700000000
0.00478082700000000
0.00478082700000000
0.00478082700000000
0.00478082700000000
0.00478082700000000
0.00478082700000000
0.00478082700000000
0.00478082700000000
0.00478082700000000
0.00478082700000000
0.00478082700000000
0.00478082700000000
0.00478082700000000
0.00478082700000000
0.00478082700000000
0.00478082700000000
0.00478082700000000
0.00478082700000000
0.00478082700000000
0.00478082700000000
0.00478082700000000
0.00478082700000000
0.00478082700000000
0.00478082700000000
0.00478082700000000
0.00478082700000000
0.00478082700000000
0.00478082700000000
0.00478082700000000
0.00478082700000000
0.00478082700000000
0.00478082700000000
0.00478082700000000
0.00478082700000000
0.00478082700000000
0.00478082700000000
0.00478082700000000
0.00478082700000000
0.00478082700000000
0.00478082700000000
0.00478082700000000
0.00478082700000000
0.00478082700000000
0.00478082700000000
0.00478082700000000
0.00478082700000000
0.00478082700000000
0.00478082700000000
0.00478082700000000
0.00478082700000000
0.00478082700000000
0.00478082700000000
0.00478082700000000
0.00478082700000000
0.00478082700000000
0.00478082700000000
0.00478082700000000
0.00478082700000000
0.00478082700000000
0.00478082700000000
0.00478082700000000
0.00478082700000000
0.00478082700000000
0.00478082700000000
0.00478082700000000
0.00478082700000000
0.00478082700000000
0.00478082700000000
0.00478082700000000
0.00478082700000000
0.00478082700000000
0.00478082700000000
0.00478082700000000
0.00478082700000000
0.00478082700000000
0.00478082700000000
0.00478082700000000
0.00478082700000000
0.00478082700000000
0.00478082700000000
0.00478082700000000
0.00478082700000000
0.00478082700000000
0.00478082700000000
0.00478082700000000
0.00478082700000000
0.00478082700000000
0.00478082700000000
0.00478082700000000
0.00478082700000000
0.00478082700000000
0.00478082700000000
0.00478082700000000
0.00478082700000000
0.00478082700000000
0.00478082700000000
0.00478082700000000
0.00478082700000000
0.00478082700000000
0.00478082700000000
0.00478082700000000
0.00478082700000000
0.00478082700000000
0.00478082700000000
0.00478082700000000
0.00478082700000000
0.00478082700000000
0.00478082700000000
0.00478082700000000
0.00478082700000000
0.00478082700000000
0.00478082700000000
0.00478082700000000
0.00478082700000000
0.00478082700000000
0.00478082700000000
0.00478082700000000
0.00478082700000000
0.00478082700000000
0.00478082700000000
0.00478082700000000
0.00478082700000000
0.00478082700000000
0.00478082700000000
0.00478082700000000
0.00478082700000000
0.00478082700000000
0.00478082700000000
0.00478082700000000
0.00478082700000000
0.00478082700000000
0.00478082700000000
0.00478082700000000
0.00478082700000000
0.00478082700000000
0.00478082700000000
0.00478082700000000
0.00478082700000000
0.00478082700000000
0.00478082700000000
0.00478082700000000
0.00478082700000000
0.00478082700000000
0.00478082700000000
0.00478082700000000
0.00478082700000000
0.00478082700000000
0.00478082700000000
0.00478082700000000
0.00478082700000000
0.00478082700000000
0.00478082700000000
0.00478082700000000
0.00478082700000000
0.00478082700000000
0.00478082700000000
0.00478082700000000
0.00478082700000000
0.00478082700000000
0.00478082700000000
0.00478082700000000
0.00478082700000000
0.00478082700000000
0.00478082700000000
0.00478082700000000
0.00478082700000000
0.00478082700000000
0.00478082700000000
0.00478082700000000
0.00478082700000000
0.00478082700000000
0.00478082700000000
0.00478082700000000
0.00478082700000000
0.00478082700000000
0.00478082700000000
0.00478082700000000
0.00478082700000000
0.00478082700000000
0.00478082700000000
0.00478082700000000
0.00478082700000000
0.00478082700000000
0.00478082700000000
0.124780800000000
0.124780800000000
0.124780800000000
0.124750100000000
0.124688800000000
0.124627400000000
0.124535400000000
0.124412700000000
0.124259300000000
0.124105900000000
0.123921800000000
0.123707000000000
0.123492300000000
0.123246900000000
0.123001400000000
0.122725300000000
0.122418500000000
0.122111700000000
0.121774300000000
0.121436800000000
0.121068600000000
0.120669800000000
0.120271000000000
0.119872200000000
0.119442600000000
0.119013100000000
0.118553000000000
0.118092700000000
0.117632600000000
0.117141700000000
0.116620200000000
0.116129300000000
0.115607700000000
0.115086200000000
0.114534000000000
0.113981700000000
0.113398800000000
0.112846600000000
0.112263700000000
0.111650100000000
0.111036500000000
0.110423000000000
0.109809400000000
0.109165100000000
0.108520900000000
0.107845900000000
0.107171000000000
0.106496000000000
0.105821100000000
0.105115500000000
0.104409800000000
0.103704200000000
0.102967900000000
0.102231600000000
0.101495300000000
0.100728300000000
0.0999613500000000
0.0991943600000000
0.0984273900000000
0.0976297300000000
0.0968320700000000
0.0960344100000000
0.0952060700000000
0.0945004500000000
0.0936721100000000
0.0928744500000000
0.0920461200000000
0.0912177800000000
0.0903894300000000
0.0895611000000000
0.0887020800000000
0.0878430700000000
0.0870147200000000
0.0861557100000000
0.0853273700000000
0.0844683600000000
0.0836400100000000
0.0827810000000000
0.0819219800000000
0.0810936400000000
0.0802346200000000
0.0793756000000000
0.0785165900000000
0.0776575700000000
0.0768292300000000
0.0759702100000000
0.0751112000000000
0.0742521800000000
0.0733931600000000
0.0725341400000000
0.0716444500000000
0.0707854300000000
0.0699264100000000
0.0690367100000000
0.0681777000000000
0.0672880000000000
0.0664289900000000
0.0655392800000000
0.0646802700000000
0.0637905700000000
0.0629008800000000
0.0620111800000000
0.0611521600000000
0.0602624600000000
0.0593727700000000
0.0585137500000000
0.0576240500000000
0.0567650300000000
0.0558753400000000
0.0550470000000000
0.0541879800000000
0.0533289600000000
0.0525006300000000
0.0516722900000000
0.0508439400000000
0.0500156100000000
0.0491872700000000
0.0483589400000000
0.0475612700000000
0.0467329400000000
0.0459659600000000
0.0451682900000000
0.0443706400000000
0.0436036600000000
0.0428060000000000
0.0420390200000000
0.0412720400000000
0.0404743800000000
0.0397074000000000
0.0389404200000000
0.0381734400000000
0.0374064600000000
0.0366701600000000
0.0359031800000000
0.0351668700000000
0.0344305800000000
0.0336942800000000
0.0329579700000000
0.0322216700000000
0.0314853800000000
0.0307797500000000
0.0300741300000000
0.0293685100000000
0.0286322100000000
0.0279572700000000
0.0272516400000000
0.0265460200000000
0.0258710800000000
0.0252268200000000
0.0245518800000000
0.0239076100000000
0.0232633500000000
0.0226190900000000
0.0219748200000000
0.0213612400000000
0.0207476500000000
0.0201647500000000
0.0195511700000000
0.0189682600000000
0.0183853600000000
0.0178331300000000
0.0172809000000000
0.0167286800000000
0.0161764500000000
0.0156549100000000
0.0151333600000000
0.0146424900000000
0.0141209500000000
0.0136300800000000
0.0131698900000000
0.0126790200000000
0.0122188400000000
0.0117586500000000
0.0112984600000000
0.0108689500000000
0.0104087600000000
0.00997925300000000
0.00958042600000000
0.00915091500000000
0.00875208900000000
0.00835325700000000
0.00795442600000000
0.00758627900000000
0.00721812700000000
0.00684997600000000
0.00651250400000000
0.00614435700000000
0.00580688500000000
0.00550009300000000
0.00516262100000000
0.00485582800000000
0.00457971600000000
0.00427292300000000
0.00399681100000000
0.00372069800000000
0.00344458600000000
0.00316847300000000
0.00292304000000000
0.00267760800000000
0.00243217000000000
0.00218673700000000
0.00197198400000000
0.00175723100000000
0.00154247300000000
0.00132772000000000
0.00111296700000000
0.000928893100000000
0.000744814900000000
0.000560741400000000
0.000376663200000000
0.000223269500000000
3.91960100000000e-05
0.000114202500000000
0.000267596200000000
0.000390315100000000
0.000543708800000000
0.000666427600000000
0.000789146400000000
0.000911860500000000
0.00103457900000000
0.00115729300000000
0.00128001200000000
0.00137205100000000
0.00146408600000000
0.00158680400000000
0.00167883900000000
0.00174019800000000
0.00183223700000000
0.00192427600000000
0.00198563100000000
0.00204699000000000
0.00213903000000000
0.00216970900000000
0.00223106900000000
0.00229242300000000
0.00232310300000000
0.00238446200000000
0.00241514200000000
0.00244582200000000
0.00247650100000000
0.00247650100000000
0.00250718100000000
0.00250718100000000
0.00253786100000000
0.00253786100000000
0.00253786100000000
0.00253786100000000
0.00253786100000000
0.00253786100000000
0.00250718100000000
0.00250718100000000
0.00250718100000000
0.00250718100000000
0.00250718100000000
0.00250718100000000
0.00250718100000000
0.00250718100000000
0.00250718100000000
0.00250718100000000
0.00250718100000000
0.00250718100000000
0.00250718100000000
0.00250718100000000
0.00250718100000000
0.00250718100000000
0.00250718100000000
0.00250718100000000
0.00250718100000000
0.00250718100000000
0.00250718100000000
0.00250718100000000
0.00250718100000000
0.00250718100000000
0.00250718100000000
0.00250718100000000
0.00250718100000000
0.00250718100000000
0.00250718100000000
0.00250718100000000
0.00250718100000000
0.00250718100000000
0.00250718100000000
0.00250718100000000
0.00250718100000000
0.00250718100000000
0.00250718100000000
0.00250718100000000
0.00250718100000000
0.00250718100000000
0.00250718100000000
0.00250718100000000
0.00250718100000000
0.00250718100000000
0.00250718100000000
0.00250718100000000
0.00250718100000000
0.00250718100000000
0.00250718100000000
0.00250718100000000
0.00250718100000000
0.00250718100000000
0.00250718100000000
0.00250718100000000
0.00250718100000000
0.00250718100000000
0.00250718100000000
0.00250718100000000
0.00250718100000000
0.00250718100000000
0.00250718100000000
0.00250718100000000
0.00250718100000000
0.00250718100000000
0.00250718100000000
0.00250718100000000
0.00250718100000000
0.00250718100000000
0.00250718100000000
0.00250718100000000
0.00250718100000000
0.00250718100000000
0.00250718100000000
0.00250718100000000
0.00250718100000000
0.00250718100000000
0.00250718100000000
0.00250718100000000
0.00250718100000000
0.00250718100000000
0.00250718100000000
0.00250718100000000
0.00250718100000000
0.00250718100000000
0.00250718100000000
0.00250718100000000
0.00250718100000000
0.00250718100000000
0.00250718100000000
0.00250718100000000
0.00250718100000000
0.00250718100000000
0.00250718100000000
0.00250718100000000
0.00250718100000000
0.00250718100000000
0.00250718100000000
0.00250718100000000
0.00250718100000000
0.00250718100000000
0.00250718100000000
0.00250718100000000
0.00250718100000000
0.00250718100000000
0.00250718100000000
0.00250718100000000
0.00250718100000000
0.00250718100000000
0.00250718100000000
0.00250718100000000
0.00250718100000000
0.00250718100000000
0.00250718100000000
0.00250718100000000
0.00250718100000000
0.00250718100000000
0.00250718100000000
0.00250718100000000
0.00250718100000000
0.00250718100000000
0.00250718100000000
0.00250718100000000
0.00250718100000000
0.00250718100000000
0.00250718100000000
0.00250718100000000
0.00250718100000000
0.00250718100000000
0.00250718100000000
0.00250718100000000
0.00250718100000000
0.00250718100000000
0.00250718100000000
0.00250718100000000
0.00250718100000000
0.00250718100000000
0.00250718100000000
0.00250718100000000
0.00250718100000000
0.00250718100000000
0.00250718100000000
0.00250718100000000
0.00250718100000000
0.00250718100000000
0.00250718100000000
0.00250718100000000
0.00250718100000000
0.00250718100000000
0.00250718100000000
0.00250718100000000
0.00250718100000000
0.00250718100000000
0.00250718100000000
0.00250718100000000
0.00250718100000000
0.00250718100000000
0.00250718100000000
0.00250718100000000
0.00250718100000000
0.00250718100000000
0.00250718100000000
0.00250718100000000
0.00250718100000000
0.00250718100000000
0.00250718100000000
0.00250718100000000
0.00250718100000000
0.00250718100000000
0.00250718100000000
0.00250718100000000
0.00250718100000000
0.00250718100000000
0.00250718100000000
0.00250718100000000
0.00250718100000000
0.00250718100000000
0.00250718100000000
0.00250718100000000
0.00250718100000000
0.00250718100000000
0.00250718100000000
0.00250718100000000
0.00250718100000000
0.00250718100000000
0.00250718100000000
0.00250718100000000
0.00250718100000000
0.00250718100000000
0.00250718100000000
0.00250718100000000
0.00250718100000000
0.00250718100000000
0.00250718100000000
0.00250718100000000
0.00250718100000000
0.00250718100000000
0.00250718100000000
0.00250718100000000
0.00250718100000000
0.00250718100000000
0.00250718100000000
0.00250718100000000
0.00250718100000000
0.00250718100000000
0.00250718100000000
0.00250718100000000
0.00250718100000000
0.00250718100000000
0.00250718100000000
0.00250718100000000
0.00250718100000000
0.00250718100000000
0.00250718100000000
0.00250718100000000
0.00250718100000000
0.00250718100000000
0.00250718100000000
0.00250718100000000
0.00250718100000000
0.00250718100000000
0.00250718100000000
0.00250718100000000
0.00250718100000000
0.00250718100000000
0.00250718100000000
0.00250718100000000
0.00250718100000000
0.00250718100000000
0.00250718100000000
0.00250718100000000
0.00250718100000000
0.00250718100000000
0.00250718100000000
0.00250718100000000
0.00250718100000000
0.00250718100000000
0.00250718100000000
0.00250718100000000
0.00250718100000000
0.00250718100000000
0.00250718100000000
0.00250718100000000
0.00250718100000000
0.00250718100000000
0.00250718100000000
0.00250718100000000
0.00250718100000000