0.0
100.0125
99.99403
100.0309
99.96641
99.92957
99.99403
99.84667
99.67168
99.5888
99.50591
99.42302
99.40459
99.37697
99.42302
99.45985
99.54275
99.64406
99.71774
99.76379
99.85589
99.92036
100.0032
100.0677
100.1046
100.1322
100.1782
100.2243
100.2703
100.3532
100.3716
100.3624
100.3256
100.3164
100.3072
100.3256
100.3164
100.298
100.2519
100.2427
100.2243
100.2059
100.1506
100.1138
100.0953
100.0677
100.0769
100.0769
100.0677
100.0217
100.0032
99.95719
99.95719
99.96641
99.99403
100.0125
100.0032
99.96641
99.95719
99.95719
99.99403
100.0217
100.0401
100.0493
100.0309
100.0401
100.0309
100.0217
99.96641
99.94798
99.92957
99.95719
99.97562
100.0032
100.0125
99.99403
99.93877
99.92036
99.92036
99.94798
100.0032
100.0125
100.0125
99.99403
100.0125
100.0217
100.0217
99.99403
100.0032
99.99403
100.0217
100.0309
100.0493
100.0585
100.0217
99.96641
99.94798
99.96641
99.97562
100.0125
100.0125
99.99403
99.94798
99.95719
99.94798
99.97562
99.99403
100.0032
100.0125
100.0125
100.0125
100.0217
100.0217
99.99403
99.94798
99.95719
100.0032
100.0032
100.0125
100.0309
100.0125
99.95719
99.94798
99.92957
99.97562
99.99403
99.99403
99.99403
100.0032
99.97562
99.99403
100.0032
100.0032
100.0217
100.0125
100.0217
100.0217
100.0217
99.97562
99.95719
99.93877
99.94798
99.97562
100.0125
100.0125
100.0217
100.0309
100.0401
100.0309
100.0401
100.0493
100.0585
100.0585
100.0309
100.0309
100.0125
100.0125
100.0217
100.0401
100.0125
100.0217
100.0401
100.0401
100.0401
100.0493
100.0125
100.0032
99.99403
99.97562
100.0125
99.99403
99.96641
99.96641
100.0032
100.0032
99.99403
99.95719
99.95719
99.95719
99.99403
100.0217
100.0493
100.0585
100.0309
99.96641
99.95719
100.0032
100.0309
100.0585
100.0493
100.0401
100.0125
99.99403
99.97562
99.99403
99.92957
99.74536
99.54275
99.36776
99.09145
98.79674
98.43755
97.94942
97.40603
96.76133
96.12585
95.41668
94.67988
93.90624
93.02208
92.20239
91.33665
90.42487
89.54071
88.56445
87.65266
86.74088
85.71857
84.79758
83.83974
82.79901
81.8688
80.91096
79.86103
78.97687
78.05587
77.03357
76.11257
75.19157
74.16927
73.22984
72.38253
71.4339
70.43002
69.60111
68.76301
67.8328
66.94864
66.20264
65.37373
64.47116
63.69752
62.98835
62.21471
61.37661
60.64902
60.05037
59.40567
58.71492
58.02418
57.3979
56.82688
56.30191
55.84141
55.41775
54.98489
54.48755
54.05468
53.7968
53.53892
53.17973
52.81133
52.58108
52.44293
52.19426
51.89033
51.71534
51.63245
51.47588
51.25484
51.1167
51.1259
51.07064
50.89566
50.72988
50.69304
50.70224
50.58252
50.44437
50.42595
50.4812
50.40753
50.26017
50.25096
50.36148
50.3799
50.27859
50.23254
50.27859
50.30622
50.23254
50.16807
50.22333
50.26938
50.18649
50.06676
50.08518
50.18649
50.15886
50.06676
50.04834
50.14044
50.14044
50.04834
50.0115
50.06676
50.08518
49.96545
49.89177
49.94703
50.06676
50.03913
49.95624
49.97466
50.03913
50.0115
49.9194
49.91019
50.0115
50.05755
49.96545
49.9194
50.03913
50.12202
50.05755
49.98387
50.03913
50.11281
50.05755
49.97466
49.98387
50.07597
50.05755
49.93782
49.9194
50.03913
50.07597
49.99308
49.94703
50.02992
50.08518
49.99308
49.93782
49.98387
50.07597
50.02992
49.92861
49.97466
50.09439
50.09439
50.02071
50.02071
50.12202
50.13123
50.02992
49.99308
50.05755
50.08518
49.95624
49.88256
49.95624
50.06676
50.04834
49.96545
49.99308
50.07597
50.04834
49.92861
49.9194
50.02071
50.07597
49.98387
49.95624
50.05755
50.11281
50.04834
49.97466
50.02992
50.1036
50.02992
49.93782
49.93782
50.02992
50.02071
49.9194
49.90098
50.0115
50.04834
49.99308
49.95624
50.03913
50.07597
49.99308
49.92861
49.96545
50.06676
50.02992
49.9194
49.94703
50.05755
50.04834
49.94703
49.92861
50.02992
50.03913
49.94703
49.9194
50.0115
50.07597
49.96545
49.88256
49.94703
50.05755
50.03913
49.96545
49.99308
50.08518
50.03913
49.93782
49.93782
50.03913
50.04834
49.92861
49.90098
50.0115
50.07597
50.0115
49.93782
49.99308
50.07597
50.02071
49.94703
49.96545
50.04834
50.02071
49.90098
49.91019
50.02992
50.05755
49.98387
49.93782
50.02071
50.04834
49.95624
49.90098
49.93782
50.03913
50.0115
49.9194
49.93782
50.06676
50.06676
49.97466
49.96545
50.06676
50.06676
49.96545
49.94703
50.02071
50.04834
49.98387
49.93782
50.0115
50.09439
50.05755
49.97466
49.96545
50.03913
50.0115
49.89177
49.87335
49.97466
50.02992
49.96545
49.94703
50.05755
50.11281
50.04834
49.97466
50.03913
50.12202
50.05755
49.97466
50.0115
50.06676
50.0115
49.89177
49.91019
50.03913
50.09439
50.03913
49.99308
50.07597
50.1036
50.02071
49.93782
49.98387
50.07597
50.02992
49.92861
49.98387
50.09439
50.08518
49.98387
49.97466
50.07597
50.08518
49.98387
49.94703
50.02992
50.07597
49.96545
49.89177
49.97466
50.09439
50.06676
49.98387
50.0115
50.1036
50.04834
49.94703
49.94703
50.04834
50.04834
49.9194
49.88256
49.98387
50.06676
50.02071
49.95624
50.0115
50.06676
49.99308
49.91019
49.92861
50.02992
50.02071
49.9194
49.9194
50.02992
50.05755
49.99308
49.95624
50.02992
50.06676
49.97466
49.91019
49.93782
50.03913
49.99308
49.91019
49.93782
50.04834
50.03913
49.95624
49.94703
50.05755
50.06676
49.97466
49.93782
50.02071
50.05755
49.94703
49.87335
49.94703
50.06676
50.02992
49.95624
49.98387
50.06676
50.02992
49.93782
49.9194
50.02071
50.06676
49.99308
49.97466
50.07597
50.12202
50.06676
50.0115
50.06676
50.14044
50.05755
49.96545
49.99308
50.05755
50.0115
49.9194
49.9194
50.02992
50.05755
49.97466
49.93782
50.02992
50.06676
49.98387
49.92861
49.99308
50.07597
49.99308
49.90098
49.95624
50.09439
50.09439
50.02071
50.02071
50.11281
50.09439
49.96545
49.92861
50.02071
50.08518
49.99308
49.92861
50.0115
50.09439
50.05755
49.97466
49.98387
50.06676
50.0115
49.90098
49.88256
49.98387
50.02071
49.92861
49.90098
50.02071
50.08518
50.02071
49.95624
50.02071
50.1036
50.03913
49.94703
49.97466
50.05755
49.99308
49.89177
49.9194
50.05755
50.1036
50.02992
49.98387
50.08518
50.12202
50.02992
49.97466
50.02992
50.07597
49.99308
49.91019
49.95624
50.07597
50.06676
49.96545
49.95624
50.05755
50.04834
49.93782
49.91019
49.98387
50.03913
49.93782
49.86414
49.93782
50.05755
50.02071
49.93782
49.96545
50.08518
50.04834
49.92861
49.91019
49.99308
49.99308
49.91019
49.90098
49.99308
50.06676
49.99308
49.93782
50.0115
50.07597
50.0115
49.92861
49.96545
50.06676
50.02992
49.93782
49.95624
50.06676
50.08518
49.99308
49.95624
50.04834
50.09439
50.05755
50.14044
50.43516
50.79435
51.09827
51.53114
52.14821
52.73765
53.27183
53.981
54.72701
55.39933
56.18218
57.04792
57.82156
58.63203
59.56224
60.43719
61.31214
62.24234
63.08966
63.98303
64.95929
65.85265
66.8197
67.79596
68.67091
69.61033
70.52211
71.4339
72.38253
73.26669
74.21532
75.13631
76.02047
76.89542
77.74274
78.68215
79.54789
80.43204
81.32542
82.16352
83.02005
83.83053
84.69627
85.53437
86.37248
87.19217
88.01186
88.83154
89.59597
90.38803
91.15246
91.92609
92.68131
93.40891
94.08123
94.77198
95.42589
96.05216
96.66003
97.20341
97.71917
98.17046
98.5757
98.93489
99.24802
99.48749
99.67168
99.84667
99.97562
100.0953
100.2243
100.298
100.344
100.3624
100.3809
100.3901
100.3993
100.3532
100.3072
100.2427
100.2151
100.1874
100.1506
100.1414
100.1046
100.0401
99.97562
99.94798
99.94798
99.95719
99.93877
99.92957
99.90193
99.90193
99.90193
99.89272
99.89272
99.91115
99.89272
99.90193
99.91115
99.92957
99.92036
99.91115
99.91115
99.91115
99.93877
99.96641
99.99403
100.0032
100.0032
99.94798
99.92957
99.91115
99.94798
99.99403
100.0401
100.0401
100.0401
100.0125
100.0032
99.99403
99.95719
99.95719
99.97562
100.0032
100.0032
100.0125
99.99403
99.99403
99.96641
99.99403
100.0032
100.0125
100.0309
100.0493
100.0309
100.0217
99.95719
99.92957
99.92957
99.94798
99.94798
99.93877
99.95719
99.97562
99.97562
99.94798
99.93877
99.92957
99.96641
100.0125
100.0309
100.0585
100.0769
100.0493
100.0217
99.97562
99.96641
99.99403
99.99403
99.97562
99.95719
99.97562
99.96641
100.0032
100.0125
100.0309
100.0125
100.0217
100.0217
100.0217
100.0217
100.0032
99.94798
99.92957
99.93877
99.94798
99.99403
100.0125
99.99403
99.95719
99.96641
99.96641
99.99403
100.0032
100.0032
100.0032
100.0032
99.99403
99.99403
100.0032
100.0032
99.97562
99.93877
99.99403
100.0125
100.0585
100.0585
100.0493
99.97562
99.96641
99.94798
99.96641
100.0217
100.0125
100.0125
100.0032
100.0309
100.0217
100.0125
99.99403
99.99403
100.0032
100.0217
100.0217
100.0401
100.0309
99.99403
99.93877
99.92036
99.94798
99.96641
100.0032
100.0032
100.0125
100.0032
100.0217
100.0309
100.0401
100.0125
100.0217
100.0309
100.0493
100.0493
100.0677
100.0769
100.0769
100.0493
100.0309
100.0217
100.0217
100.0401
100.0125
100.0125
99.99403
99.99403
99.96641
100.0032
100.0217
100.0493
100.0401
100.0309
100.0217
100.0217
99.96641
99.92957
99.93877
99.94798
99.96641
99.99403
100.0032
99.99403
99.94798
99.90193
99.92036
99.93877
99.95719
99.96641
99.96641
99.94798
99.94798
99.96641
100.0125
100.0309
100.0309
100.0217
100.0401
100.0401
100.0125
100.0309
100.0125
99.97562
99.92957
99.95719
99.97562
100.0032
100.0309
100.0493
100.0217
99.99403
99.97562
100.0032
100.0309
100.0493
100.0493
100.0217
99.99403
99.97562
99.99403
99.96641
99.96641
99.96641
99.97562
99.99403
100.0309
100.0769
100.0677
100.0309
100.0217
100.0309
100.0493
100.0677
100.0769
100.0677
100.0309
100.0032
99.92957
99.95719
99.95719
99.92957
99.92036
99.96641
99.95719
99.94798
99.95719
99.94798
99.91115
99.91115
99.94798
99.99403
100.0309
100.0493
100.0585
100.0309
100.0125
99.96641
100.0032
100.0125
100.0309
100.0401
100.0401
100.0125
100.0125
99.99403
99.96641
99.97562
99.97562
99.99403
100.0125
100.0217
100.0032
99.95719
99.90193
99.92957
99.95719
100.0217
100.0309
100.0309
100.0125
100.0125
99.99403
99.97562
100.0032
99.99403
100.0032
100.0125
100.0217
100.0125
100.0217
99.99403
100.0125
100.0125
100.0493
100.0585
100.0769
100.0769
100.0677
100.0677
100.0585
100.0309
100.0493
100.0769
100.0769
100.0769
100.0309
100.0217
100.0032
100.0125
99.99403
99.99403
99.99403
100.0032
100.0125
100.0125
100.0125
99.97562
99.92957
99.92957
99.94798
100.0032
100.0401
100.0217
100.0401
100.0493
100.0309
100.0032
100.0217
100.0125
100.0217
100.0217
100.0401
100.0401
100.0585
100.0585
100.0217
99.97562
99.97562
100.0217
100.0309
100.0401
100.0309
100.0032
99.93877
99.92036
99.91115
99.93877
99.96641
100.0032
99.97562
99.97562
99.97562
99.99403
99.99403
99.96641
99.93877
99.93877
99.96641
100.0032
100.0125
99.97562
99.96641
99.95719
99.95719
99.94798
100.0032
100.0217
100.0125
99.99403
99.99403
100.0032
100.0217
100.0493
100.0493
100.0217
100.0032
100.0125
100.0217
100.0493
100.0493
100.0401
100.0032
100.0125
100.0125
100.0217
100.0217
99.99403
99.92957
99.91115
99.92036
99.94798
99.99403
100.0032
100.0032
99.97562
100.0032
100.0032
100.0125
99.97562
99.99403
99.99403
100.0032
100.0032
100.0309
100.0401
100.0032
99.95719
99.92957
99.94798
99.96641
99.99403
100.0032
99.99403
99.95719
99.95719
99.93877
99.99403
99.81905
99.56116
99.40459
99.23882
98.93489
98.54807
98.13362
97.59944
97.03764
96.34689
95.65614
94.8825
94.07202
93.28917
92.39581
91.53007
90.64591
89.68807
88.7947
87.83687
86.87903
85.92119
84.88967
83.93184
82.94637
81.8688
80.92938
80.0176
78.95845
77.98219
77.09804
76.11257
75.10868
74.22453
73.26669
72.22596
71.36022
70.46685
69.44455
68.55118
67.78675
66.95786
66.05527
65.27243
64.55405
63.70673
62.8502
62.13182
61.46871
60.67665
59.84775
59.17542
58.61361
58.02418
57.37948
56.83609
56.37559
55.85983
55.30723
54.85595
54.5336
54.1652
53.7047
53.31788
53.08763
52.8758
52.55345
52.24952
52.06532
51.96401
51.72455
51.47588
51.35616
51.34694
51.26405
51.07985
50.95092
50.98775
50.97855
50.8404
50.74829
50.75751
50.75751
50.61015
50.49963
50.49963
50.57331
50.49963
50.38911
50.38911
50.472
50.44437
50.32464
50.27859
50.32464
50.30622
50.1957
50.11281
50.14044
50.1957
50.12202
50.0115
50.03913
50.13123
50.1036
50.0115
49.99308
50.08518
50.05755
49.94703
49.92861
50.0115
50.03913
49.95624
49.89177
49.97466
50.06676
50.02992
49.95624
49.98387
50.04834
49.98387
49.89177
49.9194
50.03913
50.03913
49.93782
49.9194
50.02992
50.08518
50.0115
49.94703
50.02071
50.09439
50.02992
49.95624
49.96545
50.05755
50.03913
49.93782
49.93782
50.04834
50.06676
49.99308
49.95624
50.02071
50.02992
49.9194
49.89177
49.96545
50.03913
49.98387
49.91019
49.97466
50.09439
50.07597
49.97466
49.98387
50.09439
50.08518
49.94703
49.92861
50.02071
50.07597
49.98387
49.9194
50.0115
50.1036
50.04834
49.97466
49.99308
50.05755
50.02071
49.9194
49.9194
50.0115
50.0115
49.90098
49.87335
49.97466
50.04834
49.99308
49.95624
50.02992
50.09439
50.02992
49.94703
49.98387
50.06676
50.0115
49.89177
49.9194
50.04834
50.06676
49.99308
49.97466
50.06676
50.09439
49.99308
49.94703
50.02992
50.1036
50.02992
49.94703
49.98387
50.09439
50.07597
49.96545
49.95624
50.03913
50.04834
49.95624
49.93782
50.02071
50.05755
49.96545
49.92861
50.02071
50.09439
50.03913
49.95624
49.98387
50.07597
50.02071
49.9194
49.92861
50.02992
50.02992
49.9194
49.90098
50.02071
50.07597
50.02071
49.96545
50.04834
50.11281
50.02992
49.94703
49.99308
50.07597
50.02992
49.9194
49.94703
50.05755
50.06676
49.97466
49.94703
50.02992
50.03913
49.92861
49.87335
49.93782
50.02992
49.96545
49.91019
49.98387
50.08518
50.06676
49.97466
49.97466
50.06676
50.04834
49.92861
49.91019
49.99308
50.05755
49.98387
49.92861
50.02071
50.08518
50.03913
49.96545
50.0115
50.1036
50.03913
49.94703
49.95624
50.05755
50.05755
49.95624
49.94703
50.06676
50.11281
50.02992
49.96545
50.04834
50.12202
50.04834
49.99308
50.02992
50.1036
50.04834
49.92861
49.94703
50.07597
50.07597
49.98387
49.94703
50.03913
50.05755
49.94703
49.90098
49.96545
50.04834
49.98387
49.92861
50.0115
50.1036
50.07597
49.98387
49.98387
50.08518
50.05755
49.9194
49.90098
49.97466
50.02992
49.93782
49.88256
49.97466
50.05755
49.99308
49.9194
49.95624
50.03913
49.97466
49.89177
49.90098
49.99308
50.0115
49.92861
49.92861
50.05755
50.1036
50.04834
49.98387
50.05755
50.1036
50.02992
49.95624
49.99308
50.06676
49.99308
49.88256
49.9194
50.04834
50.05755
49.97466
49.95624
50.04834
50.06676
49.94703
49.90098
49.96545
50.04834
49.98387
49.9194
49.98387
50.09439
50.05755
49.96545
49.96545
50.05755
50.02992
49.90098
49.88256
49.98387
50.04834
49.96545
49.92861
50.03913
50.11281
50.06676
49.99308
50.04834
50.14044
50.06676
49.95624
49.95624
50.04834
50.03913
49.92861
49.91019
50.02071
50.06676
49.99308
49.94703
50.02071
50.06676
49.98387
49.9194
49.95624
50.04834
50.0115
49.90098
49.93782
50.07597
50.08518
49.99308
49.97466
50.04834
50.05755
49.95624
49.93782
49.99308
50.02992
49.95624
49.90098
49.97466
50.07597
50.05755
49.96545
49.99308
50.09439
50.06676
49.97466
49.97466
50.06676
50.07597
49.95624
49.91019
50.02992
50.12202
50.07597
50.0115
50.04834
50.13123
50.06676
49.96545
49.98387
50.06676
50.04834
49.92861
49.9194
50.04834
50.08518
50.02071
49.96545
50.05755
50.1036
50.02071
49.95624
49.99308
50.06676
49.99308
49.88256
49.91019
50.02992
50.04834
49.96545
49.94703
50.03913
50.05755
49.94703
49.91019
49.99308
50.06676
50.0115
49.94703
50.03913
50.14965
50.12202
50.04834
50.03913
50.1036
50.07597
49.96545
49.94703
50.02992
50.02992
49.91019
49.85493
49.95624
50.04834
49.99308
49.93782
49.98387
50.06676
50.02992
49.94703
49.94703
50.03913
50.02071
49.9194
49.91019
50.03913
50.07597
49.98387
49.93782
50.0115
50.05755
49.96545
49.89177
49.92861
50.02992
49.97466
49.88256
49.9194
50.04834
50.05755
49.97466
49.98387
50.14044
50.2878
50.3799
50.6562
51.1167
51.55877
51.99164
52.60871
53.29025
53.90732
54.57043
55.38091
56.14534
56.87293
57.75709
58.62283
59.42409
60.36351
61.28451
62.12262
63.07124
63.99224
64.86719
65.84344
66.73682
67.67623
68.68011
69.55507
70.50369
71.4339
72.32727
73.27589
74.16005
75.09026
76.02968
76.95988
77.87167
78.71899
79.63078
80.46889
81.34383
82.24641
83.09373
83.93184
84.72389
85.58963
86.40011
87.23822
88.03949
88.84075
89.65123
90.4525
91.23535
92.0182
92.79183
93.51942
94.21938
94.8825
95.54562
96.16268
96.74291
97.2863
97.78364
98.23493
98.6678
99.05462
99.39539
99.68089
99.88351
100.0585
100.1874
100.2519
100.3072
100.3624
100.3809
100.4085
100.4085
100.3993
100.3716
100.344
100.298
100.2427
100.123
100.0769
100.0401
100.0309
99.97562
99.92957
99.88351
99.85589
99.81905
99.81905
99.85589
99.8651
99.8651
99.85589
99.87431
99.87431
99.87431
99.8651
99.89272
99.88351
99.91115
99.94798
99.97562
99.97562
99.97562
99.96641
99.97562
99.99403
100.0125
100.0493
100.0493
100.0585
100.0677
100.0677
100.0493
100.0309
100.0217
100.0401
100.0217
100.0217
100.0309
100.0401
100.0217
100.0032
99.97562
99.96641
99.97562
100.0125
100.0309
100.0493
100.0401
100.0125
99.97562
99.91115
99.94798
99.95719
99.95719
99.94798
99.96641
99.96641
99.97562
100.0032
99.99403
99.97562
100.0032
100.0309
100.0493
100.0585
100.0493
100.0217
99.96641
99.97562
99.99403
100.0217
100.0309
100.0493
100.0309
100.0309
100.0217
100.0217
100.0309
100.0032
99.96641
99.97562
100.0125
100.0217
100.0032
99.95719
99.93877
99.92036
99.93877
99.95719
99.96641
99.97562
99.95719
99.92036
99.90193
99.91115
99.93877
99.97562
99.99403
99.99403
99.99403
100.0309
100.0493
100.0493
100.0032
100.0125
100.0217
100.0585
100.0769
100.1138
100.1506
100.123
100.0493
100.0217
100.0125
100.0032
100.0309
100.0125
99.99403
99.96641
99.95719
99.94798
99.94798
99.92957
99.94798
99.94798
99.96641
99.99403
100.0032
100.0125
100.0032
99.94798
99.92957
99.95719
99.97562
100.0125
100.0309
100.0125
99.94798
99.92036
99.87431
99.89272
99.93877
100.0032
100.0032
100.0032
100.0125
100.0401
100.0309
100.0125
100.0309
100.0401
100.0585
100.0677
100.0677
100.0585
100.0217
99.97562
100.0125
100.0125
100.0217
100.0125
100.0032
99.99403
99.99403
99.96641
99.95719
99.97562
99.95719
99.95719
99.97562
100.0032
99.97562
100.0032
99.97562
99.95719
99.94798
99.99403
100.0032
100.0309
100.0401
100.0401
100.0401
100.0309
100.0032
99.99403
100.0217
100.0217
100.0309
100.0401
100.0217
99.99403
99.97562
99.92957
99.92036
99.91115
99.94798
99.97562
99.97562
100.0032
100.0309
99.99403
99.95719
99.96641
99.99403
100.0125
100.0032
99.99403
99.95719
99.95719
99.94798
99.95719
99.94798
99.97562
99.95719
99.97562
99.97562
99.99403
99.99403
99.99403
99.95719
99.92957
99.94798
99.97562
100.0032
99.97562
99.96641
99.94798
99.93877
99.91115
99.92036
99.94798
99.96641
99.95719
99.99403
100.0032
100.0125
99.99403
99.96641
99.96641
99.96641
100.0125
100.0217
100.0493
100.0677
100.0493
99.97562
99.97562
99.97562
100.0217
100.0217
100.0217
100.0309
100.0309
100.0125
100.0309
100.0585
100.0401
100.0217
100.0125
100.0217
100.0032
100.0125
100.0217
100.0125
99.95719
99.96641
99.96641
99.99403
100.0125
99.97562
99.92957
99.93877
99.93877
99.95719
100.0032
99.97562
99.95719
99.93877
99.95719
99.95719
100.0032
100.0032
100.0125
99.99403
100.0125
100.0032
100.0032
100.0125
100.0125
99.96641
99.94798
99.96641
100.0032
100.0401
100.0217
100.0309
100.0309
100.0309
100.0217
100.0309
100.0125
100.0309
100.0217
100.0401
100.0309
100.0125
100.0125
100.0125
100.0032
100.0032
100.0125
100.0125
100.0401
100.0401
100.0217
99.95719
99.95719
99.93877
99.94798
99.95719
99.95719
99.93877
99.93877
99.94798
99.99403
100.0217
100.0309
100.0309
100.0125
100.0401
100.0493
100.0401
100.0032
99.99403
99.95719
99.94798
99.94798
99.97562
100.0032
99.99403
99.96641
99.95719
99.93877
99.99403
100.0401
100.0493
100.0677
100.0493
100.0585
100.0401
100.0217
99.99403
99.95719
99.92036
99.93877
99.96641
100.0032
100.0032
99.97562
99.96641
99.95719
99.96641
99.97562
100.0032
100.0125
100.0125
99.99403
100.0125
99.99403
100.0032
99.97562
99.95719
99.93877
99.95719
99.97562
100.0032
100.0309
100.0493
100.0032
99.97562
100.0125
100.0217
100.0401
100.0493
100.0309
100.0032
99.99403
99.97562
99.99403
100.0032
100.0032
100.0032
100.0309
100.0125
100.0032
100.0032
99.99403
99.97562
100.0125
100.0309
100.0309
100.0677
100.0861
100.0861
100.0401
100.0309
100.0125
100.0217
100.0493
100.0493
100.0309
100.0217
99.99403
99.96641
99.95719
99.71774
99.35854
99.10988
98.79674
98.32703
97.90337
97.41525
96.88107
96.21794
95.47194
94.73514
93.90624
93.10497
92.24844
91.32745
90.44329
89.47624
88.54604
87.65266
86.64878
85.75541
84.83441
83.76606
82.83585
81.8688
80.82808
79.93471
79.0045
77.95456
77.03357
76.13099
75.11789
74.18768
73.31274
72.36411
71.38785
70.54053
69.68401
68.69854
67.82359
67.04074
66.16579
65.23559
64.44353
63.66989
62.77652
61.90158
61.19241
60.56613
59.88459
59.14779
58.43863
57.87682
57.29659
56.67031
56.17297
55.75852
55.28881
54.80989
54.39545
54.11915
53.76917
53.31788
52.95869
52.7837
52.62713
52.35083
52.05611
51.91796
51.83507
51.61403
51.38379
51.3009
51.28247
51.15353
50.96012
50.85881
50.91407
50.89566
50.76672
50.6562
50.66541
50.66541
50.54568
50.43516
50.41674
50.46279
50.39832
50.26017
50.25096
50.32464
50.2878
50.18649
50.13123
50.20491
50.21412
50.09439
50.03913
50.11281
50.18649
50.09439
49.99308
50.04834
50.14965
50.11281
50.02071
50.02071
50.1036
50.06676
49.97466
49.96545
50.04834
50.06676
49.95624
49.90098
50.0115
50.1036
50.05755
49.97466
50.02071
50.1036
50.03913
49.94703
49.95624
50.04834
50.02992
49.91019
49.90098
50.02071
50.07597
49.99308
49.94703
50.02071
50.08518
49.99308
49.93782
49.97466
50.05755
49.99308
49.90098
49.95624
50.08518
50.08518
49.98387
49.96545
50.05755
50.08518
49.96545
49.90098
49.96545
50.03913
49.97466
49.91019
49.97466
50.08518
50.05755
49.96545
49.96545
50.07597
50.04834
49.94703
49.93782
50.03913
50.04834
49.92861
49.87335
49.97466
50.06676
50.0115
49.92861
49.97466
50.07597
50.02071
49.92861
49.93782
50.02992
50.0115
49.88256
49.87335
49.98387
50.05755
49.99308
49.96545
50.05755
50.13123
50.04834
49.95624
50.0115
50.11281
50.06676
49.95624
49.97466
50.09439
50.1036
50.02071
49.98387
50.07597
50.08518
49.95624
49.91019
49.97466
50.05755
49.99308
49.92861
49.98387
50.08518
50.05755
49.97466
49.98387
50.09439
50.05755
49.94703
49.92861
50.02071
50.05755
49.96545
49.91019
50.0115
50.08518
50.02071
49.93782
49.94703
50.03913
49.99308
49.91019
49.92861
50.03913
50.02071
49.90098
49.90098
50.02071
50.08518
50.03913
49.99308
50.06676
50.11281
50.0115
49.93782
49.99308
50.09439
50.06676
49.95624
49.96545
50.07597
50.06676
49.97466
49.94703
50.04834
50.06676
49.96545
49.93782
49.99308
50.03913
49.93782
49.85493
49.9194
50.02992
50.0115
49.93782
49.95624
50.07597
50.04834
49.94703
49.94703
50.05755
50.08518
49.97466
49.9194
50.02992
50.11281
50.05755
49.98387
50.02992
50.06676
50.02071
49.93782
49.95624
50.04834
50.0115
49.88256
49.87335
49.99308
50.05755
50.0115
49.96545
50.05755
50.1036
50.02992
49.94703
50.0115
50.11281
50.05755
49.94703
49.96545
50.08518
50.09439
50.0115
49.96545
50.03913
50.02992
49.92861
49.88256
49.94703
50.0115
49.92861
49.87335
49.94703
50.07597
50.04834
49.96545
49.96545
50.06676
50.05755
49.96545
49.96545
50.04834
50.05755
49.92861
49.88256
49.99308
50.08518
50.02992
49.96545
50.0115
50.08518
50.02992
49.92861
49.93782
50.04834
50.05755
49.97466
49.96545
50.07597
50.11281
50.03913
49.98387
50.06676
50.1036
49.99308
49.91019
49.93782
50.02992
49.98387
49.90098
49.93782
50.04834
50.03913
49.94703
49.92861
50.02992
50.03913
49.94703
49.9194
49.99308
50.04834
49.93782
49.87335
49.94703
50.07597
50.04834
49.95624
49.97466
50.07597
50.02992
49.91019
49.89177
49.98387
50.03913
49.94703
49.90098
50.0115
50.07597
50.0115
49.93782
50.0115
50.08518
50.02071
49.9194
49.92861
50.02992
50.02071
49.91019
49.90098
50.02071
50.06676
49.99308
49.94703
50.03913
50.09439
49.99308
49.93782
49.98387
50.05755
50.02071
49.9194
49.95624
50.06676
50.06676
49.97466
49.95624
50.04834
50.04834
49.94703
49.9194
49.99308
50.05755
49.96545
49.87335
49.93782
50.05755
50.02071
49.93782
49.97466
50.08518
50.05755
49.95624
49.94703
50.03913
50.06676
49.99308
49.95624
50.04834
50.09439
50.03913
49.95624
50.02071
50.09439
50.02992
49.92861
49.94703
50.05755
50.03913
49.92861
49.9194
50.04834
50.09439
50.02992
49.98387
50.07597
50.12202
50.04834
49.97466
50.03913
50.11281
50.04834
49.93782
49.96545
50.08518
50.06676
49.97466
49.94703
50.03913
50.05755
49.93782
49.89177
49.96545
50.03913
49.96545
49.91019
49.98387
50.08518
50.05755
49.96545
49.98387
50.08518
50.02992
49.91019
49.89177
49.99308
50.04834
49.95624
49.90098
50.0115
50.09439
50.03913
49.95624
50.02071
50.09439
50.02071
49.92861
49.93782
50.02992
50.02071
49.90098
49.89177
50.02071
50.05755
49.98387
49.95624
50.03913
50.07597
49.99308
49.92861
49.97466
50.06676
50.03913
49.92861
49.97466
50.08518
50.07597
50.02071
50.06676
50.27859
50.49963
50.74829
51.15353
51.65087
52.12058
52.61792
53.32709
54.04547
54.69938
55.45459
56.28349
57.04792
57.8584
58.76097
59.60829
60.4464
61.40424
62.2976
63.20018
64.15802
65.03297
65.96317
66.92101
67.79596
68.77222
69.73006
70.64185
71.59047
72.48384
73.45088
74.3903
75.26525
76.22309
77.10725
78.00983
78.86635
79.74129
80.63467
81.48199
82.37535
83.25951
84.10683
84.9081
85.73699
86.58431
87.43163
88.27895
89.09863
89.89069
90.62749
91.41034
92.20239
92.98524
93.73125
94.47726
95.20485
95.87717
96.53108
97.15736
97.71917
98.21651
98.68622
99.10988
99.46906
99.81905
100.1046
100.3624
100.5743
100.7216
100.8506
100.9519
100.9979
100.9887
100.9611
100.915
100.8598
100.7861
100.74
100.6572
100.6019
100.4914
100.3993
100.298
100.2335
100.1782
100.123
100.0769
100.0217
100.0032
99.96641
99.96641
99.92957
99.89272
99.83746
99.85589
99.87431
99.91115
99.94798
99.96641
99.93877
99.94798
99.94798
99.95719
99.96641
100.0032
100.0217
100.0309
100.0309
100.0125
100.0032
99.97562
99.96641
99.93877
99.96641
100.0032
100.0401
100.0585
100.0585
100.0217
99.97562
99.97562
99.99403
100.0217
100.0217
100.0401
100.0401
100.0493
100.0585
100.0401
99.99403
99.99403
99.97562
99.99403
99.96641
100.0032
100.0493
100.0585
100.0125
99.97562
100.0032
100.0217
100.0309
100.0309
100.0125
99.99403
99.99403
99.96641
99.99403
100.0125
100.0217
100.0032
99.99403
99.95719
99.97562
100.0125
99.99403
99.95719
99.97562
100.0032
100.0032
100.0309
100.0401
100.0125
99.97562
100.0032
99.99403
100.0125
100.0217
100.0493
100.0309
100.0032
99.97562
99.97562
99.99403
99.96641
99.95719
99.96641
99.95719
99.94798
99.99403
100.0125
100.0032
99.96641
99.97562
99.96641
100.0032
100.0217
100.0401
100.0032
99.97562
99.96641
100.0032
100.0309
100.0217
100.0125
100.0125
100.0309
100.0217
100.0217
100.0032
100.0032
99.99403
100.0217
100.0309
100.0309
100.0401
100.0493
100.0032
99.95719
99.94798
99.94798
99.95719
99.99403
99.99403
99.96641
99.96641
99.94798
99.97562
99.97562
99.97562
99.97562
100.0125
100.0217
100.0309
100.0217
99.99403
99.92957
99.92036
99.92036
99.93877
99.96641
99.95719
99.96641
99.95719
99.94798
99.92957
99.94798
99.97562
100.0125
100.0032
100.0032
100.0032
99.99403
99.97562
99.96641
99.96641
99.97562
100.0125
100.0401
100.0401
100.0217
99.99403
99.94798
99.94798
99.94798
99.97562
100.0217
100.0309
100.0217
100.0493
100.0585
100.0585
100.0493
100.0217
100.0032
100.0125
100.0401
100.0585
100.0585
100.0217
99.97562
99.94798
99.97562
99.99403
100.0125
100.0217
100.0032
99.96641
99.95719
99.96641
99.97562
100.0032
100.0032
100.0217
100.0309
100.0309
100.0401
100.0401
100.0217
100.0217
99.97562
99.99403
100.0032
100.0125
100.0217
100.0401
100.0125
99.97562
99.95719
99.97562
100.0217
100.0032
100.0125
100.0125
100.0032
99.97562
99.95719
99.92957
99.93877
99.93877
99.94798
99.94798
99.96641
99.95719
99.95719
99.97562
99.97562
99.99403
100.0217
100.0585
100.0493
100.0309
99.99403
100.0125
100.0032
100.0217
100.0125
100.0125
99.99403
99.99403
100.0125
100.0217
100.0032
99.97562
99.99403
100.0032
100.0125
100.0032
100.0125
99.96641
99.95719
99.93877
99.92957
99.92957
99.95719
99.99403
100.0125
99.97562
99.96641
99.94798
99.94798
99.96641
99.94798
99.95719
99.97562
100.0032
100.0217
100.0217
99.97562
99.95719
99.92036
99.95719
99.99403
100.0217
100.0585
100.0677
100.0401
100.0217
100.0032
100.0125
100.0401
100.0309
100.0217
100.0125
100.0125
100.0217
100.0401
100.0125
100.0125
99.99403
100.0217
100.0125
100.0125
100.0309
100.0217
99.96641
99.93877
99.92957
99.94798
100.0032
100.0217
100.0217
99.99403
99.99403
99.97562
100.0032
99.97562
100.0217
100.0217
100.0401
100.0401
100.0585
100.0677
100.0401
99.99403
99.96641
99.96641
100.0032
100.0217
99.99403
99.99403
99.97562
99.96641
99.95719
99.99403
100.0125
100.0401
100.0125
100.0032
99.99403
99.97562
99.96641
99.93877
99.92036
99.92957
99.95719
99.97562
100.0125
100.0309
100.0032
99.94798
99.96641
99.96641
99.97562
99.97562
99.97562
99.94798
99.94798
99.93877
99.96641
100.0125
100.0125
100.0309
100.0401
100.0585
100.0677
100.0493
100.0125
100.0032
99.97562
99.99403
99.99403
100.0125
100.0401
100.0401
99.99403
99.95719
99.92957
99.92957
99.94798
99.96641
99.96641
99.95719
99.95719
99.93877
99.96641
99.95719
99.97562
100.0032
100.0309
100.0493
100.0769
100.0677
100.0493
100.0309
100.0125
100.0032
100.0125
100.0401
100.0309
100.0125
99.97562
99.99403
99.97562
100.0125
100.0032
100.0125
100.0032
100.0309
100.0401
100.0585
100.0677
100.0585
100.0125
99.99403
99.99403
99.93877
99.80063
99.66248
99.47828
99.14671
98.83358
98.42834
97.97705
97.42445
96.79817
96.14426
95.38905
94.63383
93.82335
93.00366
92.14713
91.19851
90.31435
89.39336
88.38947
87.48689
86.51984
85.54359
84.60416
83.57265
82.57797
81.62013
80.58862
79.62157
78.71899
77.72431
76.73885
75.83627
74.87843
73.85612
72.94434
72.03255
71.03787
70.11687
69.27876
68.36698
67.39072
66.58025
65.76977
64.85798
63.9554
63.2186
62.49101
61.6437
60.85164
60.23457
59.68197
59.04648
58.411
57.94129
57.49
56.85451
56.20981
55.7401
55.43617
54.97567
54.50597
54.14678
53.83364
53.50208
53.16131
52.93106
52.79291
52.60871
52.35083
52.12058
52.01927
51.8627
51.60482
51.38379
51.3101
51.28247
51.1167
50.92329
50.86803
50.91407
50.82198
50.6562
50.58252
50.60094
50.54568
50.3799
50.30622
50.34306
50.3799
50.26938
50.15886
50.20491
50.27859
50.21412
50.11281
50.12202
50.20491
50.14965
50.04834
50.03913
50.12202
50.13123
50.02071
49.96545
50.05755
50.11281
50.03913
49.96545
50.0115
50.07597
49.99308
49.9194
49.94703
50.02992
49.97466
49.87335
49.87335
49.99308
50.05755
50.0115
49.97466
50.06676
50.11281
50.03913
49.97466
50.02992
50.1036
50.03913
49.92861
49.96545
50.08518
50.08518
49.98387
49.97466
50.05755
50.05755
49.94703
49.9194
49.98387
50.03913
49.93782
49.87335
49.93782
50.03913
50.0115
49.93782
49.95624
50.04834
49.99308
49.90098
49.89177
49.98387
50.03913
49.94703
49.90098
49.99308
50.06676
50.0115
49.93782
49.99308
50.08518
50.02992
49.95624
49.97466
50.03913
50.02071
49.9194
49.9194
50.04834
50.08518
50.02992
49.97466
50.04834
50.07597
49.98387
49.91019
49.95624
50.05755
49.98387
49.88256
49.9194
50.04834
50.04834
49.95624
49.95624
50.06676
50.08518
49.98387
49.94703
50.03913
50.08518
49.98387
49.90098
49.98387
50.11281
50.08518
50.0115
50.03913
50.13123
50.08518
49.96545
49.95624
50.06676
50.08518
49.96545
49.93782
50.04834
50.1036
50.03913
49.97466
50.03913
50.12202
50.05755
49.97466
49.99308
50.05755
49.99308
49.87335
49.87335
50.0115
50.05755
49.98387
49.94703
50.0115
50.04834
49.93782
49.86414
49.90098
49.99308
49.95624
49.86414
49.9194
50.03913
50.04834
49.96545
49.96545
50.06676
50.08518
49.98387
49.95624
50.02992
50.05755
49.95624
49.88256
49.94703
50.05755
50.02992
49.96545
49.98387
50.07597
50.03913
49.93782
49.9194
50.02992
50.05755
49.96545
49.95624
50.06676
50.12202
50.03913
49.95624
50.0115
50.06676
49.98387
49.89177
49.91019
50.02992
50.02071
49.92861
49.93782
50.05755
50.09439
50.02992
49.99308
50.06676
50.1036
50.02071
49.96545
50.02071
50.09439
50.02992
49.9194
49.96545
50.08518
50.07597
49.98387
49.96545
50.06676
50.06676
49.93782
49.90098
49.98387
50.05755
49.99308
49.93782
50.02071
50.1036
50.05755
49.97466
49.99308
50.07597
50.02992
49.91019
49.89177
49.99308
50.02992
49.93782
49.91019
50.02071
50.07597
50.02071
49.95624
50.02992
50.1036
50.03913
49.97466
50.02071
50.07597
50.0115
49.90098
49.92861
50.06676
50.1036
50.02992
49.98387
50.06676
50.11281
50.0115
49.92861
49.97466
50.05755
49.97466
49.88256
49.92861
50.05755
50.04834
49.96545
49.96545
50.06676
50.05755
49.97466
49.95624
50.02992
50.03913
49.92861
49.88256
49.95624
50.05755
50.03913
49.96545
49.98387
50.06676
50.04834
49.97466
49.98387
50.07597
50.06676
49.94703
49.91019
50.02992
50.1036
50.03913
49.97466
50.04834
50.11281
50.03913
49.95624
49.98387
50.04834
49.97466
49.86414
49.87335
50.0115
50.05755
49.98387
49.95624
50.04834
50.07597
49.96545
49.91019
49.96545
50.04834
49.98387
49.91019
49.95624
50.06676
50.05755
49.96545
49.95624
50.06676
50.05755
49.94703
49.91019
49.98387
50.02992
49.9194
49.85493
49.94703
50.07597
50.04834
49.97466
50.0115
50.1036
50.05755
49.95624
49.96545
50.08518
50.09439
49.96545
49.93782
50.04834
50.1036
50.02992
49.96545
50.02992
50.08518
49.99308
49.92861
49.95624
50.04834
49.99308
49.87335
49.89177
50.02071
50.06676
49.99308
49.95624
50.02992
50.04834
49.95624
49.90098
49.94703
50.02992
49.95624
49.87335
49.92861
50.05755
50.03913
49.94703
49.94703
50.06676
50.06676
49.97466
49.94703
50.03913
50.08518
49.97466
49.89177
49.96545
50.06676
50.02992
49.94703
49.97466
50.05755
50.02992
49.92861
49.92861
50.02992
50.04834
49.95624
49.95624
50.05755
50.1036
50.02071
49.94703
49.99308
50.07597
49.99308
49.90098
49.92861
50.03913
49.99308
49.88256
49.89177
50.02992
50.05755
49.97466
49.94703
50.04834
50.06676
49.95624
49.90098
49.95624
50.04834
49.98387
49.90098
49.96545
50.09439
50.07597
49.97466
49.97466
50.07597
50.07597
49.96545
49.92861
49.97466
50.02992
49.93782
49.85493
49.92861
50.03913
50.03913
50.05755
50.25096
50.55489
50.78514
51.09827
51.62324
52.19426
52.71002
53.3363
54.10073
54.80989
55.50064
56.33875
57.14923
57.89524
58.79781
59.66355
60.49245
61.45029
62.39891
63.25544
64.20407
65.14349
66.02764
66.99469
67.89727
68.83669
69.79453
70.68789
71.64573
72.55752
73.4601
74.39951
75.27446
76.21387
77.14409
78.03745
78.93082
79.75972
80.67151
81.53725
82.43061
83.29635
84.14367
84.98177
85.79225
86.60273
87.36716
88.21448
89.06179
89.87227
90.6367
91.39191
92.14713
92.90235
93.65757
94.37595
95.0759
95.76665
96.42977
97.06526
97.67312
98.25335
98.7691
99.19276
99.57037
99.92036
100.2059
100.4269
100.6111
100.74
100.8229
100.8874
100.9427
100.9703
100.9795
100.9427
100.8966
100.8506
100.8137
100.74
100.6203
100.5282
100.4637
100.4085
100.3624
100.3072
100.2335
100.1414
100.0493
100.0217
99.99403
100.0125
99.99403
99.97562
99.95719
99.95719
99.92957
99.92957
99.95719
99.96641
100.0032
100.0217
100.0493
100.0585
100.0585
100.0217
100.0217
99.99403
100.0032
100.0217
100.0401
100.0493
100.0309
100.0032
99.97562
99.96641
99.97562
100.0032
100.0032
100.0217
100.0309
100.0309
100.0217
100.0217
100.0032
99.97562
99.92957
99.92957
99.90193
99.94798
100.0125
99.99403
99.92957
99.89272
99.88351
99.90193
99.93877
99.95719
99.94798
99.92957
99.92957
99.92036
99.95719
99.95719
99.97562
100.0032
100.0309
100.0401
100.0585
100.0769
100.0769
100.0401
100.0217
100.0125
100.0125
100.0309
100.0125
99.97562
99.93877
99.93877
99.91115
99.92036
99.92957
99.93877
99.92957
99.95719
99.97562
100.0032
100.0125
100.0032
99.97562
99.99403
100.0217
100.0309
100.0585
100.0769
100.0861
100.0309
100.0125
99.99403
100.0309
100.0401
100.0493
100.0401
100.0309
100.0032
100.0032
100.0125
99.99403
100.0032
100.0125
100.0217
100.0125
100.0125
100.0032
99.97562
99.92957
99.93877
99.93877
99.95719
99.99403
100.0125
99.99403
99.99403
99.97562
100.0125
100.0401
100.0309
100.0125
100.0125
100.0217
100.0309
100.0309
99.99403
99.99403
99.99403
100.0032
100.0217
100.0125
100.0032
99.97562
99.92957
99.92957
99.95719
99.99403
100.0309
100.0309
100.0401
100.0309
100.0217
99.99403
99.97562
99.96641
99.95719
99.94798
99.95719
99.96641
99.99403
100.0032
99.99403
99.94798
99.94798
99.99403
100.0217
100.0493
100.0493
100.0309
99.99403
99.99403
99.97562
100.0125
100.0125
100.0401
100.0217
100.0217
100.0125
99.99403
99.97562
99.96641
99.96641
99.97562
100.0125
100.0309
100.0401
100.0217
99.97562
99.93877
99.95719
99.94798
99.97562
100.0125
100.0401
100.0309
100.0217
100.0125
99.99403
100.0032
99.96641
100.0125
100.0217
100.0125
100.0032
100.0125
100.0217
100.0125
99.95719
99.94798
99.95719
99.97562
100.0217
100.0493
100.0309
99.96641
99.94798
99.95719
100.0032
100.0217
100.0309
100.0125

0.0
0.0
50.04665
51.86251
48.32885
54.7505
53.99511
47.26854
60.90923
65.49014
61.38074
62.1284
63.27662
59.9805
60.83296
56.30652
56.37847
53.00924
50.79297
51.64709
52.99069
49.48639
50.24818
48.3706
48.642
49.88537
50.18838
48.57288
47.88644
47.25024
44.01925
47.25806
49.077
51.08533
49.54818
49.39098
47.40844
48.85492
49.56648
51.61707
49.56831
50.05014
50.18172
52.87408
52.3045
51.31148
52.03435
49.77176
50.11568
50.7528
53.44516
52.1913
54.22358
51.65873
50.83955
49.40745
49.65506
51.40722
53.5675
52.20087
51.56924
48.9628
49.02502
49.37343
49.83164
51.68061
50.06702
51.11976
51.28279
54.60527
52.87524
52.96233
49.97196
50.11859
49.30157
50.2362
52.13707
55.055
53.30626
52.11544
50.12799
47.77565
50.2372
50.96365
52.30159
50.02161
50.29401
50.85294
52.81894
50.68251
51.71272
49.31147
50.11909
49.42459
49.80079
52.92839
54.83209
52.99568
50.49604
50.77351
48.77474
50.80811
52.24395
54.48267
51.29285
52.2635
49.8783
50.06311
50.52972
50.46601
51.0029
51.03809
50.38991
50.87947
52.84056
54.57142
51.34317
48.44404
50.9614
50.50469
49.7226
52.0346
54.97473
52.57548
53.15937
48.9173
50.05713
51.23987
51.33119
50.69616
53.12751
50.39041
50.63752
51.20161
49.95324
51.58987
50.51467
50.97205
50.99717
54.21219
53.01681
53.13982
51.43724
49.94567
48.90865
51.01405
50.52182
50.3786
50.257
51.42194
50.30424
50.10562
49.97171
50.48315
52.42926
50.9199
52.08242
51.06969
50.34325
49.5377
52.48798
50.41702
49.51092
50.51933
50.57772
49.91989
52.97422
51.65341
51.64983
52.39391
48.78872
51.99018
53.07178
51.52641
48.84711
50.83331
51.62563
53.71888
51.70531
51.57323
49.00372
49.0686
48.77308
49.72651
52.25243
55.29845
52.35615
48.38391
48.88661
48.61996
50.85993
51.10404
52.49123
52.23655
0.0
0.0
0.0
0.0
0.0
0.0
0.0
0.0
0.0
0.0
0.0
0.0
0.0
0.0
0.0
0.0
0.0
0.0
0.0
0.0
0.0
0.0
0.0
0.0
0.0
0.0
0.0
0.0
0.0
0.0
0.4946384
0.0
0.0
2.913518
0.0
0.0
0.0
0.0
0.0
2.262969
7.153086
0.0
0.0
3.961516
3.254658
0.0
1.391508
8.991615
3.710786
0.9519731
7.037182
14.80705
11.50644
5.238202
9.894224
16.14108
20.07365
19.62476
19.08596
18.85182
17.09651
16.68205
19.38751
26.48266
25.78312
16.27341
16.61376
24.89665
28.55849
21.81994
16.16574
23.86038
29.96684
23.78049
17.96456
22.84187
28.72434
25.14788
15.53487
18.73255
27.46433
28.92957
21.44632
17.74598
26.08538
29.009
22.11347
16.4465
24.24918
30.5904
22.84037
13.86651
18.31181
26.66323
24.37057
18.13727
18.34937
25.02898
25.56163
17.82994
17.21195
25.58454
29.58432
21.45177
14.80875
22.18125
27.46849
23.65273
15.80485
20.6266
27.3725
24.9629
18.72086
20.21721
29.76556
28.53911
20.24944
14.5552
23.1462
27.93322
22.0972
18.25317
23.71175
28.91971
24.51846
16.5901
18.78699
28.10847
26.57324
15.37858
15.83434
25.25218
27.25951
19.172
16.67477
24.68302
27.77631
22.44974
16.15901
22.41472
30.14358
24.92551
15.09608
18.87711
27.11749
26.03643
17.44147
17.84121
27.56277
26.69018
20.14552
15.95265
24.29925
29.26668
20.42827
14.13334
20.73364
26.3443
22.37821
14.98151
19.7479
27.68486
24.82641
17.91361
19.26665
29.99616
28.31537
18.70635
14.64785
22.17011
27.41999
20.97027
16.33031
22.80722
30.0093
24.11161
16.06739
17.60678
27.41775
24.62276
15.7003
17.15801
25.0133
26.90693
18.8151
16.32203
25.62305
28.3758
23.13709
16.32561
21.91838
28.87143
24.69832
15.59966
18.90035
25.18327
24.95271
16.96476
18.69512
26.78147
26.97788
20.61512
15.25174
23.41764
29.5629
21.55907
14.88893
21.57458
28.59762
24.41752
15.95061
20.67717
28.00729
25.04195
16.76768
17.10246
28.65913
28.7757
19.39886
14.8147
22.30152
26.90826
20.95751
15.71016
23.97416
28.93094
23.31043
15.82589
20.62231
29.88712
25.43346
15.76634
17.09102
25.49946
27.45131
19.37985
16.25961
24.78461
27.28808
21.83254
16.73166
23.18625
30.39881
23.22513
14.89401
19.43629
26.55028
25.93616
17.3803
19.72041
27.96184
26.99456
21.10377
15.78772
23.32511
28.6894
22.36615
13.98965
20.99298
27.93476
23.63938
15.69485
21.0888
28.55437
24.3991
17.85992
19.80413
26.08222
25.95276
18.07751
16.05861
23.36915
27.50442
23.54548
17.5595
23.40458
30.57543
25.33606
16.8138
18.33789
26.23463
24.30083
15.35022
17.35289
25.2491
27.14594
18.40987
15.76672
24.95154
27.58589
20.29157
18.06063
25.01438
30.62662
22.6924
14.20686
17.34728
24.69233
25.16588
16.66737
18.98773
26.55889
27.99344
19.98054
15.67722
24.0155
28.9823
19.49942
14.34381
21.12689
28.14153
23.29974
15.3105
20.05219
28.00821
25.17071
16.99104
18.06665
28.58465
27.97839
17.80162
13.59536
22.28597
27.06813
20.57549
15.2796
24.17594
28.62873
22.96667
15.47511
20.9111
30.32116
25.98
16.42637
15.93548
24.01733
26.39034
18.88983
17.73816
26.06209
28.11259
22.09146
15.67564
21.84535
28.84161
23.38271
15.27391
19.28549
25.71504
24.94793
17.56441
18.79705
27.49419
27.19779
21.45032
15.59795
24.38396
28.11113
21.57158
15.01536
21.71348
27.45285
23.62196
15.0762
20.33195
27.68956
25.35897
17.22139
18.9483
28.97611
28.34144
18.81481
14.12231
23.43307
27.08647
21.06809
16.46442
23.59264
28.37126
24.5736
16.13975
18.29447
26.31956
23.83605
15.47677
17.61265
24.32304
25.38122
18.30491
15.87135
25.80587
28.04655
20.82355
17.41432
24.18671
28.39879
23.27791
15.19456
19.20793
26.92656
25.17029
16.43111
18.65653
26.78396
26.34318
18.54624
15.99382
26.49476
28.8063
19.68357
12.63357
20.27165
25.96008
22.00002
15.24816
21.45352
29.80673
25.36538
16.42899
16.7095
26.96956
26.78188
17.16787
15.56543
22.90707
27.04475
21.79686
16.15643
24.49596
29.56777
24.71408
16.21673
19.02765
27.86377
25.01979
14.82909
16.65726
25.10005
26.4056
18.18064
15.5839
24.7802
28.06805
20.93201
16.2485
25.30861
29.25067
21.64079
13.07864
17.39706
25.56803
25.01322
15.15235
17.81655
26.59719
25.63782
18.42613
17.93279
26.39915
27.9131
19.9182
13.69488
20.95281
28.01132
23.18101
15.20038
21.24043
28.85958
24.82562
17.76398
17.75171
28.1071
28.048
18.56936
13.88389
23.19977
27.50167
20.99315
13.78242
22.89626
29.74892
24.46955
17.21732
21.60111
27.73394
23.95312
16.72031
16.49657
25.98503
26.18955
17.7923
17.02323
25.27451
27.85895
20.58114
15.14894
23.30951
28.16566
21.79566
14.69709
19.41262
100.0
100.0
100.0
100.0
100.0
100.0
100.0
100.0
100.0
100.0
100.0
100.0
100.0
100.0
100.0
100.0
100.0
100.0
100.0
100.0
100.0
100.0
100.0
100.0
100.0
100.0
100.0
100.0
100.0
100.0
100.0
100.0
100.0
100.0
100.0
100.0
100.0
100.0
100.0
100.0
100.0
94.69199
98.89163
97.76412
96.29726
98.82809
96.71679
98.19846
92.99023
92.11641
89.55771
87.7935
84.63445
81.01038
80.85812
75.41344
72.79902
67.77453
64.06562
60.96254
59.81099
53.93747
51.07876
47.90341
44.07539
43.34986
40.72063
40.59163
39.8433
39.35715
39.21925
41.3886
43.11597
42.08943
43.45457
42.85147
40.85554
43.11239
44.30686
45.69288
45.44352
45.70735
45.45791
49.03416
49.63385
51.31905
49.4418
49.49736
50.35606
48.80951
50.66256
53.07794
53.92241
52.09914
50.34308
49.5896
51.38792
51.10022
52.49605
51.00191
50.9327
51.61515
51.16626
49.89036
52.21758
50.70048
50.5318
49.81675
51.53273
51.79389
51.30541
51.30782
49.41402
49.00622
48.69939
49.67585
50.29492
54.20745
52.52899
52.62846
49.00289
47.71943
47.13937
49.81501
49.99807
51.92805
51.07003
51.10138
53.13733
51.11976
49.6979
48.76326
50.33335
49.80552
51.59635
50.63877
52.50287
49.0829
49.82582
49.78265
49.03192
48.76784
51.10954
50.82233
54.75573
53.17193
51.4424
50.05471
51.06753
51.81078
50.05788
49.74971
50.83215
52.85803
52.03551
52.0979
49.00805
47.75802
49.10511
48.35463
48.62453
51.6396
52.13574
53.74434
51.78383
49.17082
50.61872
52.01913
52.33012
49.98801
51.56192
48.57005
49.88837
49.23986
51.56184
49.99075
50.41112
50.43299
50.42534
51.7044
54.57117
52.81486
50.97471
50.76636
48.0982
49.34773
51.81951
53.49157
50.8017
51.16193
49.27063
50.12866
50.73866
50.78324
50.78482
51.42817
50.93204
50.25284
50.74756
52.71646
53.81154
47.86465
49.41552
47.3982
49.95732
50.76835
55.41639
52.04242
52.54629
50.22223
47.2905
50.98918
50.71404
51.33244
48.89634
50.98643
51.23163
51.98569
50.95075
50.2308
49.43315
50.45878
49.23744
50.86691
53.00674
54.84756
53.0183
49.88803
50.0281
48.5703
50.64825
50.15885
51.30782
49.55658
49.86566
49.77808
52.23513
50.12724
49.86225
49.08723
50.10154
48.86748
49.19461
49.73308
51.67321
51.44398
50.96365
50.37078
49.02776
51.93737
50.50835
51.68444
50.68127
52.54171
48.47673
49.06968
48.26605
50.46992
50.7152
50.81742
50.26839
54.08443
53.68079
50.84762
50.56458
49.82382
48.94434
49.8783
51.13873
53.91135
54.62898
50.69982
50.2456
50.04407
50.49704
51.09381
52.44257
51.47201
50.13256
47.91954
49.19419
50.37144
51.09065
49.29882
50.24102
52.22823
49.44047
51.60184
53.24146
54.40915
49.85834
49.88728
49.06186
48.70612
49.01894
52.0489
52.5591
52.24653
49.20609
48.68408
48.98476
50.08
52.07402
52.50645
52.18806
49.79172
52.64211
51.22955
51.13823
50.50169
49.72252
48.18304
47.02026
50.28053
52.52599
51.13665
49.83089
48.97769
48.69772
49.09629
50.28511
52.37453
52.263
55.76714
49.74988
50.95816
53.00125
52.18839
48.39239
51.50353
51.8527
50.71013
51.83465
53.97256
51.98353
49.29558
48.0824
48.15235
49.04423
49.53978
52.03136
51.85303
53.96125
48.82057
49.97786
49.31696
49.70414
50.26282
52.22091
50.72036
51.89104
52.82068
50.6193
51.0118
49.76319
49.47732
49.90001
51.75938
54.02538
55.34478
50.26964
49.62786
46.72849
49.688
50.44372
51.77626
50.77642
51.9847
52.27214
49.27687
51.33677
50.30199
50.12608
50.00947
51.18381
50.07376
52.4627
49.7137
50.59626
48.07866
49.41261
48.74497
49.75603
50.44306
49.91731
50.49255
51.89587
49.05737
47.98326
49.51059
49.59168
52.78633
50.92081
51.51351
49.81734
51.52058
50.55676
50.4868
49.83971
49.69241
50.22348
50.25774
52.83224
54.07055
51.45812
50.00373
47.14444
47.63409
51.13091
49.00106
49.27337
51.10845
52.07211
49.21141
50.72693
49.64275
50.0993
48.83546
49.81709
48.58427
49.56066
52.18573
53.40756
50.77359
47.36352
49.1897
49.21615
50.39232
51.85353
54.83134
52.54022
51.95317
49.46742
49.01537
48.06044
52.10938
50.78274
50.69374
49.40887
50.40962
52.42036
52.87857
51.29767
49.27221
48.19926
49.66155
52.89096
51.59976
51.61515
51.08774
51.71138
47.36643
49.03316
50.88845
51.76362
50.73766
50.01862
49.22097
48.31329
49.86508
51.89345
51.68352
49.92754
49.69241
48.27952
49.79321
50.52964
52.59835
49.91856
50.25916
49.63419
50.12558
52.08667
55.10632
52.82185
50.95059
49.45902
47.7888
49.75787
50.45154
52.43559
49.02011
50.40363
49.862
52.94078
49.70513
50.55892
49.98111
50.48339
48.58611
49.42758
52.59885
53.86876
53.18
50.2288
49.83497
48.98193
49.91756
51.17799
53.30609
0.0
0.0
0.0
0.0
0.0
0.0
0.0
0.0
0.0
0.0
0.0
0.0
0.0
0.0
0.0
0.0
0.0
0.0
0.0
0.0
0.0
0.0
0.0
0.0
0.0
0.0
0.0
0.0
0.0
0.0
0.0
0.0
0.0
0.0
0.0
0.0
0.0
3.019399
8.949488
0.0
0.0
8.794783
2.738186
0.0
0.0
5.46111
0.06520877
0.0
6.66402
10.98019
5.033967
2.974069
13.80484
20.86797
14.8661
9.74817
13.4439
20.28654
17.275
13.98158
19.66215
25.53751
22.39127
15.76301
19.89924
28.71444
27.45468
19.02932
18.18202
26.82538
28.46687
22.43223
17.21561
26.69821
29.8254
23.01387
15.43664
19.52882
27.24566
25.42838
14.63446
16.22313
25.03293
23.56157
17.00477
16.72671
26.68552
26.14293
19.31544
13.42685
22.26721
26.06758
19.6147
13.15836
19.32517
26.32979
22.82145
16.4764
19.88281
26.64369
26.29889
19.36422
16.55646
24.69944
28.61347
20.40149
14.96421
21.90445
27.18345
23.39128
15.56947
22.35101
28.92762
24.1665
16.94496
19.38959
26.99834
27.17513
17.60445
15.37717
23.23125
26.77531
20.74866
17.43345
25.50557
28.73336
21.61691
14.38115
20.93484
28.49985
24.36396
15.2601
17.26344
25.81639
26.58705
17.68131
16.22513
24.96415
26.93284
22.07712
15.82947
22.09704
28.54564
23.03728
14.91659
19.56359
26.13424
24.8304
18.05114
20.71905
29.18791
25.22577
18.1779
16.88541
25.01654
27.50695
18.8435
13.65629
21.62897
28.18915
22.02871
14.38623
20.98246
30.561
24.3835
16.41132
17.40899
27.17929
26.95917
16.7021
14.95427
24.1171
26.65637
21.19127
17.3667
23.46334
28.81246
23.22971
16.40067
21.35541
29.45681
25.47496
16.49998
16.70101
24.93998
24.85631
17.52402
16.82686
25.07543
27.65164
20.36501
16.2132
24.66451
30.3892
21.81874
13.82904
19.58043
26.23397
23.64724
15.92458
18.85444
27.76446
25.63919
16.96601
16.07084
25.49218
27.60922
20.28799
14.20012
21.55774
28.7166
23.34661
16.61464
20.37283
27.62618
24.00664
16.86678
18.66867
27.41338
25.19038
16.42076
16.06935
24.24689
27.36086
20.75498
15.46267
24.37148
28.83733
22.54394
15.56007
21.04243
29.17527
24.54349
14.76571
17.26968
24.57518
25.69812
16.71345
16.43103
25.99206
27.57212
19.56621
15.90362
23.74294
29.31654
21.26978
14.59628
19.99268
27.36082
24.38621
16.74356
20.43754
28.97918
26.95197
19.06013
15.88025
25.61286
26.39524
18.05351
14.72242
21.74417
27.59258
22.57038
15.75915
21.98009
29.71
24.49658
17.24926
17.12179
26.07407
26.24233
16.5577
16.78207
23.81521
26.7462
19.38052
15.11359
24.73171
28.05129
22.20666
15.24434
20.71622
28.19177
23.39689
14.13404
17.30078
26.0262
26.25485
16.65539
15.68242
25.09011
25.26436
19.41857
15.99977
23.94268
29.61297
21.66657
13.1646
20.15438
27.09087
24.72435
15.93564
19.44203
28.50896
25.86858
18.46572
15.95519
25.18244
25.91866
16.92122
14.72063
21.91622
27.22637
22.15954
14.6963
22.05221
30.6052
24.36308
17.68675
17.70772
27.42507
26.57656
16.83546
15.78718
25.12047
27.14922
20.38107
16.28032
25.39212
28.0574
22.73532
16.48127
20.19812
27.36747
23.01188
13.6928
17.40696
24.24369
25.96403
17.11318
17.57892
25.46061
26.81765
19.98249
16.50489
25.74902
29.80211
21.01278
13.55423
19.98981
26.79594
23.68193
15.92745
19.50744
29.22026
26.08114
18.64093
16.12748
25.35452
26.73522
18.53197
14.01951
22.78443
27.6738
22.58336
15.77079
22.64033
30.52477
24.78761
16.22388
17.0963
26.77211
25.16655
15.15405
15.79595
23.39564
26.35678
18.33689
14.55145
24.8346
28.9336
22.69332
15.79882
21.37671
28.96558
24.28889
15.14806
17.79709
25.85948
25.31227
17.40226
17.95433
26.50354
26.73875
20.38306
15.66894
23.34424
29.46093
20.81844
12.71787
19.64061
27.11583
23.49628
16.9853
20.20844
28.06227
23.94043
18.69649
19.01102
26.36709
26.42752
18.03563
14.70541
21.73061
27.58389
20.6323
14.66515
22.12935
27.46375
22.40291
15.58876
19.87595
29.09035
25.90996
14.59512
14.40186
23.02913
25.41878
19.18419
15.08315
24.15453
28.06539
21.06518
15.84049
21.63313
29.33109
23.47046
13.49559
17.80848
24.79618
25.34791
15.67547
17.17423
25.77822
26.00129
19.62846
16.18575
25.43237
29.48563
21.34102
14.03153
19.29518
26.56446
23.48896
15.74176
19.32637
28.39912
25.11477
16.91756
16.07413
24.22701
26.06205
15.9472
12.90876
21.11571
25.19292
21.74417
16.40903
21.72741
28.18566
23.40758
16.17693
20.54621
29.23998
26.68477
16.18321
14.9887
24.21761
25.49721
19.1144
15.57783
22.78626
26.92623
22.335
15.5683
21.80472
28.25881
23.40396
13.50803
17.83144
26.75693
25.18439
17.20098
17.7518
26.94969
27.3389
20.45946
15.07333
24.54303
28.42703
20.71925
100.0
100.0
100.0
100.0
100.0
100.0
100.0
100.0
100.0
100.0
100.0
100.0
100.0
100.0
100.0
100.0
100.0
100.0
100.0
100.0
100.0
100.0
100.0
100.0
100.0
100.0
100.0
100.0
100.0
100.0
100.0
100.0
100.0
100.0
100.0
100.0
100.0
100.0
100.0
100.0
100.0
100.0
100.0
100.0
97.97846
94.81442
96.71571
95.98485
97.36397
90.66061
91.21563
86.742
85.74275
82.4636
78.0158
74.31612
71.06225
66.40407
61.94026
59.82638
56.76681
54.26467
49.32419
47.1318
44.716
42.41797
40.92291
39.75581
36.96855
35.99673
35.47748
35.97361
38.93712
39.00516
40.35924
43.52943
43.62042
42.90878
44.69104
43.81788
45.21504
45.78495
47.03906
47.26122
48.70771
49.81601
54.8884
51.32204
50.86284
49.26606
52.45238
52.64136
53.17284
52.46078
53.40723
51.36854
48.71652
50.12541
50.8378
51.59494
49.87914
50.89968
51.03185
51.74149
49.3736
51.52898
49.26098
48.19385
48.39156
50.05921
50.19503
50.86043
49.73391
48.91805
48.66487
47.15683
49.21107
48.69939
48.5377
49.0429
50.34034
50.61057
50.16733
48.28826
50.51309
49.57588
48.85184
48.68641
50.49271
50.8136
51.67462
50.75313
49.50684
47.39363
48.12856
47.97635
49.68209
51.17932
52.22199
54.63388
48.44546
49.54744
50.19645
50.90825
49.14811
50.12533
49.56939
48.15202
50.33036
51.23837
48.28951
47.77424
48.07533
48.52622
49.72584
51.18065
53.50562
49.7671
48.75536
47.84244
48.76194
48.07591
50.38575
49.45145
50.01238
49.49778
48.80494
51.22032
52.33586
49.60167
47.37616
48.74763
50.67802
52.94952
51.69092
51.81776
49.4794
49.13622
49.57829
49.52988
51.37311
53.01348
52.2724
50.52008
49.04157
48.02077
48.85518
50.01513
50.1047
47.53594
48.22962
49.35439
52.63994
49.50452
49.16574
47.10086
47.81932
46.35678
45.80766
49.82316
53.58472
51.40089
50.23063
50.23362
47.75153
50.48298
50.87664
51.74765
50.83115
50.87806
50.3573
51.62979
49.37335
50.32087
49.12541
48.2124
49.14312
49.11476
50.29866
53.70599
51.98994
48.86457
49.00081
47.5386
48.32269
50.75238
54.34635
52.74125
54.23698
50.37893
48.00846
46.08205
49.76651
50.04216
49.41685
47.97793
50.13864
51.02977
48.70687
48.96937
48.22979
48.59833
49.14346
49.79912
51.8532
53.03161
47.81682
49.60832
49.09247
50.23687
50.41428
50.5234
49.98709
51.88239
51.04324
49.16175
51.41545
50.50843
49.17024
48.24193
51.74574
48.44463
51.7701
51.67828
51.23962
47.46001
49.27071
48.01852
48.90874
49.50493
49.53238
50.16085
51.58138
50.689
48.1437
49.58478
49.03899
48.88744
50.69433
51.66015
51.38201
53.50022
51.59818
51.58762
48.50077
48.54684
50.20293
48.40503
47.97594
52.15054
52.85595
50.09322
48.51491
48.75171
50.50294
50.73009
52.78093
50.76461
51.27663
50.14621
51.27156
48.89784
51.66173
49.50393
50.44772
49.24027
50.24685
50.32478
52.91151
52.86884
49.96597
48.93136
48.57304
52.11994
51.39956
52.10239
51.72785
53.11263
50.96964
49.45744
49.7191
51.4933
48.51965
49.84354
49.84462
51.6752
52.654
51.10055
50.9985
47.78389
49.62786
48.37101
48.60798
50.97937
55.19714
51.14671
50.85294
47.61912
50.10321
50.2802
49.63934
50.12492
51.43724
49.1462
48.12207
50.94984
51.33926
50.90933
49.67902
51.41412
49.80378
49.57946
50.74573
54.14715
50.49296
50.78124
48.88412
49.09721
52.77959
54.10065
50.84995
51.1799
49.94293
47.74039
52.24345
52.24021
52.45255
50.11219
51.04948
47.91605
50.41602
49.95798
51.75422
49.50826
51.0731
50.64184
49.96381
50.45462
53.7079
52.52067
50.06977
48.41784
47.90291
51.32471
49.83331
50.255
50.27296
50.90551
49.75171
51.48789
49.22863
50.78482
49.05604
50.64758
51.4958
50.45886
50.37552
51.00823
50.50718
49.82374
50.31414
48.41152
49.89294
51.27547
54.78767
51.23878
52.28013
50.64634
50.44913
51.00058
52.34958
51.38343
50.6935
47.98866
48.59101
49.62404
50.23529
51.55709
48.62254
49.38217
50.60907
52.7143
51.32653
53.25568
51.87499
51.24694
49.2886
48.86108
51.11369
52.67147
51.80637
52.50171
47.61929
47.31595
49.36778
48.75827
51.06612
49.47906
51.17025
51.47392
52.32663
53.32971
53.81204
50.40554
49.33742
48.3365
50.44846
52.53897
51.70964
51.75971
50.58969
50.42002
49.03167
49.92338
50.5318
51.86126
49.58037
51.78658
50.21624
52.57731
52.41304
52.61341
50.27205
49.92006
49.06602
48.70804
49.02085
53.34011
52.85977
48.61522
49.83464
49.17573
49.55833
51.40147
52.36555
51.43916
52.11395
49.79222
50.07019
50.63694
50.67786
48.74563
51.51875
51.27097
50.70389
51.30433
52.09349
48.49137
49.11459
50.24269
47.73623
48.41776
49.52597
52.79398
50.92971
51.51867
49.8175
48.29466
49.79987
51.18023
0.0
0.0
0.0
0.0
0.0
0.0
0.0
0.0
0.0
0.0
0.0
0.0
0.0
0.0
0.0
0.0
0.0
0.0
0.0
0.0
0.0
0.0
0.0
0.0
0.0
0.0
2.740848
0.0
0.0
0.0
0.0
0.0
0.0
0.0
0.0
0.0
0.0
0.0
0.9312627
3.336626
0.0
0.0
4.788686
0.0
0.0
1.365891
7.879781
1.828216
2.100862
12.66177
15.98442
8.641076
4.858885
10.41119
17.5479
19.91009
13.55502
16.83738
23.22663
18.36484
14.73739
20.17766
23.86624
22.57467
15.25453
20.96815
30.52598
28.10548
17.52585
16.06627
24.83443
28.66636
20.20557
16.3187
25.76349
28.7418
20.4763
15.64748
22.65007
28.54189
24.15964
13.56584
16.94097
24.73001
25.0504
17.57426
17.26776
25.33094
26.31635
20.92095
16.01528
22.69186
28.8548
21.63887
15.28301
21.6197
26.86967
25.02894
16.3931
19.38825
28.44512
25.8364
17.18359
15.70625
26.3364
28.71057
19.00465
14.44827
22.63838
27.46033
22.34049
16.14616
23.13888
27.89093
23.43099
16.76302
19.87736
28.91086
26.90831
15.7836
15.06518
23.66068
27.34551
19.48549
15.82157
24.93782
28.21959
22.3723
16.05437
22.32028
30.06216
24.21275
14.8913
17.4295
26.67093
25.66501
17.72052
16.98098
27.1644
26.32646
20.42893
16.38591
25.49405
28.79524
19.74694
13.347
20.49069
28.07961
23.92575
16.08893
19.01443
29.21752
27.39587
18.96016
17.01624
25.74287
27.0905
18.88817
14.38007
22.50501
27.89355
22.84062
14.74188
22.60108
28.61783
23.71782
15.73989
20.49922
29.76136
27.24096
16.73374
15.53083
24.75097
27.95535
20.07935
15.14582
24.62891
28.49349
22.69806
16.39181
22.66724
31.062
24.72668
16.02505
16.78976
25.71193
24.48751
16.32361
16.00218
26.09906
28.35571
19.20469
14.70628
23.56149
29.19519
21.78106
13.95127
19.79182
26.53294
24.68243
15.91655
20.05265
29.89664
26.21596
18.73084
16.2102
25.43287
26.80895
19.24578
14.87874
22.46692
27.17043
21.96483
14.39388
22.92928
29.09026
24.29792
16.42966
18.72402
27.50562
26.57465
16.17069
16.24821
25.10662
27.73248
22.38674
16.11102
24.31775
28.00134
22.1029
15.05162
22.36128
30.18521
23.70181
14.87978
16.8108
23.97225
24.97899
17.16513
17.70451
27.52168
27.39001
19.1621
14.74109
22.32128
28.95361
22.25915
14.58447
21.18653
27.55091
24.50099
15.56369
19.60193
28.06036
24.62438
18.88459
18.51754
28.2989
28.84161
19.50869
14.94009
22.44034
27.0601
21.767
14.10464
22.54394
28.60427
23.06269
14.93568
18.93358
28.57242
26.60742
15.47748
15.39505
24.1319
26.63529
19.22935
18.81863
24.17
27.6271
21.69951
15.92308
23.51857
30.91831
24.50818
15.15646
17.05995
24.23142
25.2511
16.16121
17.70356
25.66618
27.67368
18.41066
14.45098
23.99129
29.1331
21.68632
13.85769
19.70257
26.4481
25.24673
17.27895
21.68599
28.54647
26.29577
18.93005
17.71965
27.25506
26.94432
18.5368
13.28396
22.45107
27.27735
22.7295
15.31341
21.39159
27.72084
22.73856
16.57875
20.37574
30.20638
26.53685
15.84224
15.16387
24.41549
26.32546
19.43038
16.48763
24.47462
28.86748
22.56419
14.93106
20.25917
26.98212
23.2174
14.66823
17.9819
25.52661
25.56483
16.49058
18.12704
28.12781
28.11533
21.29482
16.00622
24.29156
27.98508
20.80264
14.74533
21.48076
27.86731
24.18667
15.75727
20.48674
27.81711
24.85178
17.86654
17.85593
28.8518
27.6491
18.6275
13.32837
22.49216
27.96263
21.63076
15.17148
23.89519
30.18014
24.86567
16.97457
17.99446
27.78276
26.29123
15.75203
17.01121
25.41474
27.36614
18.00565
16.51961
25.26062
29.16645
22.8308
15.84386
21.97066
29.60848
24.29875
15.01773
18.20327
26.30587
25.76158
16.56265
17.46015
27.85949
26.49069
19.90893
17.00198
23.71478
29.11014
20.95306
14.81437
20.89126
27.7633
24.1072
16.31205
21.17796
28.61189
25.10708
18.08138
17.42297
27.62465
29.37821
19.58147
14.3248
23.5978
27.89654
20.74308
14.67189
22.67943
28.70342
23.79945
16.46205
19.43309
26.4249
25.15278
16.44221
18.01683
24.6972
27.69876
18.50648
16.48156
25.17786
29.07666
22.09159
14.95086
22.24542
29.41581
24.06282
14.12597
17.79738
25.27979
25.22028
16.04152
17.56861
25.5225
26.87628
18.09955
16.09771
24.78794
29.32249
21.18961
13.85678
21.67239
27.58048
24.49633
16.20101
19.74449
29.45877
26.32338
18.24332
16.87348
26.28774
26.49892
18.11427
14.7801
22.44608
27.80019
21.45543
14.99078
24.35485
30.14038
24.78856
16.25017
17.76465
27.58589
26.73738
15.69914
15.63164
24.37764
27.53457
18.35386
16.32985
25.67092
28.42994
22.55163
16.2391
21.86964
30.11456
24.30732
14.34847
18.67474
26.31989
24.45645
16.89327
18.65561
26.74416
26.94083
19.9333
15.70949
22.76913
29.37455
100.0
100.0
100.0
100.0
100.0
100.0
100.0
100.0
100.0
100.0
100.0
100.0
100.0
100.0
100.0
100.0
100.0
100.0
100.0
100.0
100.0
100.0
100.0
100.0
100.0
100.0
100.0
100.0
100.0
100.0
100.0
100.0
100.0
100.0
100.0
100.0
100.0
100.0
98.36717
100.0
100.0
100.0
100.0
100.0
100.0
100.0
100.0
100.0
100.0
99.36681
95.31763
91.96262
88.28639
86.14814
84.05634
83.846
76.9461
71.29272
66.57574
63.61614
58.27243
53.7099
51.65948
47.5075
43.74909
42.61551
42.1128
39.54105
38.18838
38.51701
35.62636
36.30573
35.22987
35.48962
37.53156
37.10163
37.26773
39.65916
42.78186
43.96734
45.21538
46.03764
47.59417
46.21014
48.84536
47.69572
51.79564
51.76537
53.20486
51.67346
51.49247
51.98378
51.90501
52.99659
51.07435
52.41163
50.33817
52.77552
53.37828
55.14857
50.77966
50.32121
48.85783
48.39871
49.28635
52.39641
50.37053
50.78865
50.19844
50.07501
48.05021
48.79637
49.29333
49.86441
51.18298
50.82616
52.1839
51.2995
52.63454
49.18554
48.00579
47.52655
48.37334
49.50535
52.1424
53.36464
50.73076
49.25499
48.30722
49.8689
48.68783
49.67561
49.08765
48.92471
50.72277
52.96865
50.4033
51.50229
49.21233
52.0707
48.08049
46.7457
48.71594
52.60784
52.73618
48.63435
48.67718
49.12091
49.68792
51.00657
51.29427
50.22398
52.0796
48.65871
48.75736
49.20858
51.06977
50.75771
52.7682
49.45943
47.73839
51.08159
52.81894
49.48963
48.4121
49.97137
48.15318
49.00048
51.52782
52.64776
48.6202
50.60267
48.91772
49.23536
47.86398
50.66971
51.70623
52.07419
50.47075
49.07234
51.99734
51.23513
50.00423
51.11943
51.3188
47.5866
48.75653
50.57755
52.74366
50.08765
51.09057
48.05578
48.72592
48.57271
52.21609
52.23256
51.2471
48.06293
48.07749
50.35131
50.6104
50.07692
48.74172
50.36728
49.9327
51.1799
50.17731
50.74523
48.30938
49.11443
49.70821
49.0953
48.93436
52.67047
53.43567
51.4201
50.74423
50.0721
48.00929
50.0464
52.13491
50.66513
51.85877
48.94276
50.3766
50.49504
50.51475
47.94907
49.2945
49.28926
50.46693
51.93254
54.91468
51.98345
51.25093
49.94226
49.03134
51.26432
50.25833
51.39
51.59078
52.37054
50.07692
49.08798
48.08855
50.84138
50.49953
50.4725
51.11328
51.90601
51.52599
50.96514
50.29343
48.22313
48.31728
49.9485
51.34217
52.27714
53.93056
51.34101
51.1695
49.24568
47.53104
49.48472
50.80977
48.41901
49.21507
49.79621
50.45878
51.87299
51.61748
49.85743
48.3335
48.55425
49.63976
52.27331
53.49556
52.79539
49.18953
49.28269
49.09788
49.52814
51.38792
53.00907
51.60168
50.32204
50.14388
48.75503
50.2911
49.11559
49.46817
50.02843
49.41236
49.89585
51.20327
50.19769
53.33537
49.55608
49.72509
49.63893
49.52955
48.7705
51.72386
52.87608
52.07378
49.64816
47.34872
51.19238
49.7404
50.17299
50.84454
52.27963
52.04608
52.88556
50.6935
51.10305
50.51641
51.04241
49.81509
51.47758
51.0736
49.77292
50.78066
49.57804
48.65123
47.63617
50.36762
51.29277
52.83249
49.47283
50.95366
49.22688
50.82774
50.39481
51.64559
50.64775
49.28668
49.62836
51.48141
52.45779
49.61115
49.84986
49.76909
50.94942
49.84487
53.52592
51.72602
52.35066
51.97488
51.43017
49.48697
48.42342
49.24643
52.9748
51.7212
52.3841
51.36163
50.0182
52.31664
50.77276
49.93344
49.04265
49.32661
50.43316
53.72953
52.54055
53.95277
49.3276
48.60964
48.81359
47.88395
49.33268
51.89204
51.71413
51.88605
50.15818
48.63651
50.79097
51.03675
51.14339
50.59826
49.90667
49.10428
52.05456
50.62862
51.80471
48.86765
50.92464
50.52573
49.20085
50.82724
54.25968
53.18249
52.13075
50.24668
47.35521
49.13106
50.3499
52.36555
50.87773
52.05714
49.12898
52.48258
47.88095
50.26223
49.14238
50.13514
48.90325
49.2352
51.71097
53.46012
52.7909
51.11403
48.42483
49.12091
52.19221
50.78349
51.96931
51.61914
51.70515
48.60498
49.27504
48.48039
51.97879
51.23829
51.27855
52.0262
51.64301
53.01556
52.79232
51.07161
49.58752
49.84678
48.39439
49.17897
52.25293
54.70749
50.34158
51.12351
50.55276
51.06786
51.11694
53.06505
51.59236
52.1488
49.73657
47.99033
50.58961
49.48971
49.84428
49.11177
49.48081
51.31472
52.91467
51.48465
52.76196
49.9381
50.82316
49.60324
48.66678
50.22073
53.54288
53.63654
53.40656
51.77859
50.39848
50.12225
51.21134
51.95267
51.47991
52.7519
49.84612
51.9298
50.26781
49.3153
48.95024
49.26248
48.42491
50.61514
51.49089
51.72927
51.9288
51.48798
50.26174
48.77766
50.93512
51.82583
53.37022
50.01928
52.15329
48.65231
51.21683
50.21641
51.32745
48.92837
49.73233
49.03342
49.40504
50.5951
53.33437
0.0
0.0
0.0
0.0
0.0
0.0
0.0
0.0
0.0
0.0
0.0
0.0
0.0
0.0
0.0
0.0
0.0
0.0
0.0
0.0
0.0
0.0
0.0
0.0
0.0
0.0
0.0
0.0
0.0
0.0
0.0
0.0
0.0
0.0
0.0
0.0
0.0
0.0
0.0
0.0
0.0
0.0
3.099662
9.554914
1.104515
1.74159
10.50768
13.61973
5.649832
6.377858
17.0046
17.7656
9.171646
6.032518
13.17799
16.44916
8.107388
7.661864
21.99257
27.4108
19.6505
9.903415
20.94832
25.09822
20.65504
19.06916
21.86057
24.67694
19.36272
13.66157
16.68746
22.86965
23.09006
15.58273
19.06837
27.25427
27.3085
18.72631
15.06131
24.18197
28.06019
20.3201
12.85133
21.07
27.45468
22.9512
16.68962
20.91688
29.31226
25.0813
17.67262
16.57609
26.25044
28.02571
18.29904
15.05886
23.58299
27.3876
20.95963
15.16961
23.43731
27.79856
22.72925
15.98363
19.70428
28.20749
26.13678
16.26759
17.1067
25.56013
26.95572
19.47488
17.13285
26.55494
27.49614
21.29079
16.6892
25.12288
29.57359
23.94339
15.19751
17.14641
24.32125
24.69662
16.10187
17.67715
25.63852
26.35249
18.71916
16.26052
24.91981
29.45644
20.68332
13.84971
20.41371
27.95905
23.15714
16.45981
20.85703
28.89609
24.88945
18.47063
17.95936
28.27719
27.57079
19.23118
15.37313
23.01982
27.10356
21.77012
16.03815
24.92634
28.75831
24.26149
16.97894
18.04465
27.83632
26.34505
17.09488
16.71956
24.90759
27.38993
19.35848
15.59641
24.61643
27.15338
21.69585
17.88022
22.69635
29.04381
23.53621
14.13475
18.49097
24.8371
25.88389
17.53421
19.33032
27.51876
27.82443
20.28575
15.38548
26.16843
29.69685
21.41522
13.99485
21.07803
28.03378
23.10287
15.01748
19.65903
28.15472
25.35764
16.53674
18.10703
28.01378
28.54555
17.90284
13.01268
22.19144
26.35777
20.35387
15.08244
23.32386
29.54814
23.56049
14.84872
19.44307
29.22434
24.79293
15.11138
17.06324
24.95957
26.21609
17.97924
15.37363
24.56116
27.19571
21.19052
17.32503
25.35232
30.50585
23.83414
13.72091
17.94277
26.12713
24.94859
18.18289
18.92252
28.88004
28.24396
21.29994
16.56577
24.26382
29.11734
20.20166
14.47248
20.49506
27.27407
22.87306
15.46795
19.6132
28.07158
24.62741
17.58994
19.49289
28.34219
28.16216
19.31024
14.76563
22.8998
26.36751
21.52301
15.81579
23.40433
28.85787
24.56349
15.44778
19.3838
27.74117
23.55579
14.97922
17.00572
26.18864
27.73639
19.07943
17.84054
26.80247
29.00235
22.45348
14.7166
21.88178
28.30851
22.70558
14.48038
18.37398
25.32545
24.58196
17.18372
18.39902
26.43434
25.97047
18.80005
16.37984
25.04624
29.58744
20.1743
13.83965
21.08593
27.49444
23.79925
15.35263
20.70902
30.1052
25.75443
17.48131
16.63647
25.4377
26.13786
17.13352
15.57279
23.55804
27.19675
21.26692
16.11833
23.84616
30.05625
24.73608
16.20018
19.0037
27.83583
24.98718
15.43655
17.41049
24.67599
26.44045
17.60516
16.15069
24.88559
26.20515
19.26212
17.60063
25.23754
29.70954
21.58809
12.98353
17.93911
25.61066
25.0185
16.44388
17.47345
27.3273
27.84298
19.76487
16.10523
26.53111
28.84515
20.37508
13.48337
21.24704
27.06205
22.58864
15.17813
21.25656
26.94128
23.74298
17.27113
20.50591
29.01287
26.3386
18.29692
15.00064
22.03678
26.60975
21.30093
16.2033
22.00575
26.48166
21.80651
15.56456
21.17937
29.40333
25.50802
14.68674
15.81949
24.7486
26.08272
17.20746
16.38578
25.26174
27.33374
20.64939
17.28477
25.99771
30.01932
23.16941
13.59008
17.85186
26.03942
24.21666
16.01216
18.91374
28.47427
26.50736
19.24848
16.20143
25.38821
27.41072
20.00108
14.4662
21.23273
27.61383
23.27982
14.69231
21.22965
28.88241
25.49143
17.93058
18.5254
29.02751
27.79628
17.49113
13.19034
22.42907
26.61599
19.98561
15.22645
23.51845
28.46957
22.19606
13.90843
19.71871
29.68421
24.71961
14.99806
16.94675
25.48731
26.24932
17.97878
17.3086
26.94964
26.71547
20.96491
15.74892
24.67578
30.44409
22.52959
14.05428
17.84761
25.99584
24.81048
17.39544
19.91471
27.62232
26.61478
20.07644
16.54435
26.34767
28.52559
19.95226
13.59994
22.04851
28.01656
23.01533
14.28426
20.71372
27.61238
24.60246
16.31271
17.92305
28.47714
28.51432
18.48336
15.03337
23.34278
27.56551
21.04696
16.40969
22.89518
28.81691
23.27296
15.79815
19.95496
27.7853
22.92009
15.484
17.6979
26.35557
27.22732
19.71546
16.08997
26.51044
28.8157
21.62602
15.02521
24.30212
29.99965
23.2673
13.68873
19.23185
27.06538
24.67295
15.78505
19.82713
28.93015
26.93297
19.67579
15.98846
25.67441
28.37896
19.18851
13.32097
21.78988
28.38744
22.8741
15.38174
20.80555
28.91364
25.54849
19.91537
18.37278
27.97277
100.0
100.0
100.0
100.0
100.0
100.0
100.0
100.0
100.0
100.0
100.0
100.0
100.0
100.0
100.0
100.0
100.0
100.0
100.0
100.0
100.0
100.0
100.0
100.0
100.0
100.0
100.0
100.0
100.0
100.0
100.0
100.0
100.0
100.0
100.0
100.0
100.0
100.0
100.0
100.0
100.0
100.0
100.0
100.0
100.0
100.0
100.0
100.0
100.0
100.0
97.98636
98.36231
90.0694
85.67937
83.78777
82.76107
79.37138
74.92562
70.06815
64.84846
61.84777
57.79776
52.91117
49.04531
45.25571
41.48475
37.73941
36.61156
38.06712
37.28078
35.35679
36.06394
37.52374
37.69075
39.35648
41.01814
41.19447
40.78201
41.68728
42.32606
45.06882
45.89425
46.04853
45.52811
48.09812
51.96664
51.31539
50.07301
49.81243
49.55209
50.50402
52.31265
54.41339
55.48127
52.00042
52.02196
49.09497
51.25293
51.61199
51.84471
50.78624
52.65899
51.1888
49.17623
50.04049
48.08989
48.84145
48.05005
48.96596
49.5565
52.15287
50.14937
51.92306
49.7725
48.86748
48.59575
49.00788
50.85327
51.81743
52.1799
51.22041
49.97187
48.50251
50.03242
48.85642
49.209
49.76926
50.44206
49.93594
51.17782
52.10813
53.76987
51.18905
52.96008
48.27145
46.16681
51.12317
54.9151
53.97847
52.41022
50.50777
48.92396
49.732
51.55036
52.4518
51.45596
52.05647
49.01171
50.99043
49.86857
48.95681
48.59434
49.55118
48.86391
48.59159
49.63202
52.25476
51.53414
51.02103
50.42892
49.08973
51.35981
53.00782
53.53149
51.40871
53.20927
51.09756
50.87681
50.79389
52.00615
49.64758
49.84154
49.02868
49.96322
51.21957
52.6985
49.88986
48.84245
49.75154
48.42025
48.6469
49.08066
53.48924
51.81269
51.87549
48.20999
49.46592
49.4453
50.61406
50.78108
52.16693
50.62729
49.86607
51.63944
50.03642
49.81709
49.69748
50.87182
50.40663
51.01072
52.44082
54.14016
50.91757
51.24977
50.01279
48.45469
49.24102
51.67753
50.7691
51.99202
48.42258
48.40412
50.67154
51.57032
50.53746
49.80968
49.64849
50.17041
52.77427
50.78299
50.63602
49.9831
49.19045
50.86142
51.07826
52.47892
54.17601
51.59793
49.50219
48.42691
47.95963
50.10046
49.60333
50.73957
50.909
52.29868
52.05223
51.59444
51.67271
51.79431
50.63453
50.46859
49.08524
49.98111
51.23837
54.01107
51.50603
48.118
48.66845
48.40903
50.00955
51.39707
52.97173
50.9031
52.03917
48.46309
50.37793
48.58261
51.36097
50.46576
51.03384
51.81244
52.0677
51.64751
51.0835
50.41178
48.34149
49.07999
49.5723
51.42784
53.6857
53.70765
50.25841
51.75713
49.41111
48.31021
48.47681
50.75821
51.01338
51.12093
51.86459
50.1843
53.18166
48.01054
49.70779
51.01804
51.20768
50.02926
49.83755
51.00607
54.40748
52.04275
50.69641
49.8719
47.69314
48.3231
51.27904
54.90445
52.65051
50.76444
47.96629
49.20168
49.73524

0.0
100.0
100.0
100.0
100.0
100.0
100.0
100.0
100.0
100.0
100.0
100.0
100.0
100.0
100.0
100.0
100.0
100.0
100.0
100.0
100.0
100.0
100.0
100.0
100.0
100.0
100.0
100.0
100.0
100.0
100.0
100.0
100.0
100.0
100.0
100.0
100.0
100.0
100.0
100.0
100.0
100.0
100.0
100.0
100.0
100.0
100.0
100.0
100.0
100.0
100.0
100.0
100.0
100.0
100.0
100.0
100.0
100.0
100.0
100.0
100.0
100.0
100.0
100.0
100.0
100.0
100.0
100.0
100.0
100.0
100.0
100.0
100.0
100.0
100.0
100.0
100.0
100.0
100.0
100.0
100.0
100.0
100.0
100.0
100.0
100.0
100.0
100.0
100.0
100.0
100.0
100.0
100.0
100.0
100.0
100.0
100.0
100.0
100.0
100.0
100.0
100.0
100.0
100.0
100.0
100.0
100.0
100.0
100.0
100.0
100.0
100.0
100.0
100.0
100.0
100.0
100.0
100.0
100.0
100.0
100.0
100.0
100.0
100.0
100.0
100.0
100.0
100.0
100.0
100.0
100.0
100.0
100.0
100.0
100.0
100.0
100.0
100.0
100.0
100.0
100.0
100.0
100.0
100.0
100.0
100.0
100.0
100.0
100.0
100.0
100.0
100.0
100.0
100.0
100.0
100.0
100.0
100.0
100.0
100.0
100.0
100.0
100.0
100.0
100.0
100.0
100.0
100.0
100.0
100.0
100.0
100.0
100.0
100.0
100.0
100.0
100.0
100.0
100.0
100.0
100.0
100.0
100.0
100.0
100.0
100.0
100.0
100.0
100.0
100.0
100.0
100.0
100.0
50.0
50.0
50.0
50.0
50.0
50.0
50.0
50.0
50.0
50.0
50.0
50.0
50.0
50.0
50.0
50.0
50.0
50.0
50.0
50.0
50.0
50.0
50.0
50.0
50.0
50.0
50.0
50.0
50.0
50.0
50.0
50.0
50.0
50.0
50.0
50.0
50.0
50.0
50.0
50.0
50.0
50.0
50.0
50.0
50.0
50.0
50.0
50.0
50.0
50.0
50.0
50.0
50.0
50.0
50.0
50.0
50.0
50.0
50.0
50.0
50.0
50.0
50.0
50.0
50.0
50.0
50.0
50.0
50.0
50.0
50.0
50.0
50.0
50.0
50.0
50.0
50.0
50.0
50.0
50.0
50.0
50.0
50.0
50.0
50.0
50.0
50.0
50.0
50.0
50.0
50.0
50.0
50.0
50.0
50.0
50.0
50.0
50.0
50.0
50.0
50.0
50.0
50.0
50.0
50.0
50.0
50.0
50.0
50.0
50.0
50.0
50.0
50.0
50.0
50.0
50.0
50.0
50.0
50.0
50.0
50.0
50.0
50.0
50.0
50.0
50.0
50.0
50.0
50.0
50.0
50.0
50.0
50.0
50.0
50.0
50.0
50.0
50.0
50.0
50.0
50.0
50.0
50.0
50.0
50.0
50.0
50.0
50.0
50.0
50.0
50.0
50.0
50.0
50.0
50.0
50.0
50.0
50.0
50.0
50.0
50.0
50.0
50.0
50.0
50.0
50.0
50.0
50.0
50.0
50.0
50.0
50.0
50.0
50.0
50.0
50.0
50.0
50.0
50.0
50.0
50.0
50.0
50.0
50.0
50.0
50.0
50.0
50.0
50.0
50.0
50.0
50.0
50.0
50.0
50.0
50.0
50.0
50.0
50.0
50.0
50.0
50.0
50.0
50.0
50.0
50.0
50.0
50.0
50.0
50.0
50.0
50.0
50.0
50.0
50.0
50.0
50.0
50.0
50.0
50.0
50.0
50.0
50.0
50.0
50.0
50.0
50.0
50.0
50.0
50.0
50.0
50.0
50.0
50.0
50.0
50.0
50.0
50.0
50.0
50.0
50.0
50.0
50.0
50.0
50.0
50.0
50.0
50.0
50.0
50.0
50.0
50.0
50.0
50.0
50.0
50.0
50.0
50.0
50.0
50.0
50.0
50.0
50.0
50.0
50.0
50.0
50.0
50.0
50.0
50.0
50.0
50.0
50.0
50.0
50.0
50.0
50.0
50.0
50.0
50.0
50.0
50.0
50.0
50.0
50.0
50.0
50.0
50.0
50.0
50.0
50.0
50.0
50.0
50.0
50.0
50.0
50.0
50.0
50.0
50.0
50.0
50.0
50.0
50.0
50.0
50.0
50.0
50.0
50.0
50.0
50.0
50.0
50.0
50.0
50.0
50.0
50.0
50.0
50.0
50.0
50.0
50.0
50.0
50.0
50.0
50.0
50.0
50.0
50.0
50.0
50.0
50.0
50.0
50.0
50.0
50.0
50.0
50.0
50.0
50.0
50.0
50.0
50.0
50.0
50.0
50.0
50.0
50.0
50.0
50.0
50.0
50.0
50.0
50.0
50.0
50.0
50.0
50.0
50.0
50.0
50.0
50.0
50.0
50.0
50.0
50.0
50.0
50.0
50.0
50.0
50.0
50.0
50.0
50.0
50.0
50.0
50.0
50.0
50.0
50.0
50.0
50.0
50.0
50.0
50.0
50.0
50.0
50.0
50.0
50.0
50.0
50.0
50.0
50.0
50.0
50.0
50.0
50.0
50.0
50.0
50.0
50.0
50.0
50.0
50.0
50.0
50.0
50.0
50.0
50.0
50.0
50.0
50.0
50.0
50.0
50.0
50.0
50.0
50.0
50.0
50.0
50.0
50.0
50.0
50.0
50.0
50.0
50.0
50.0
50.0
50.0
50.0
50.0
50.0
50.0
50.0
50.0
50.0
50.0
50.0
50.0
50.0
50.0
50.0
50.0
50.0
50.0
50.0
50.0
50.0
50.0
50.0
50.0
50.0
50.0
50.0
50.0
50.0
50.0
50.0
50.0
50.0
50.0
50.0
50.0
50.0
50.0
50.0
50.0
50.0
50.0
50.0
50.0
50.0
50.0
50.0
50.0
50.0
50.0
50.0
50.0
50.0
50.0
50.0
50.0
50.0
50.0
50.0
50.0
50.0
50.0
50.0
50.0
50.0
50.0
50.0
50.0
50.0
50.0
50.0
50.0
100.0
100.0
100.0
100.0
100.0
100.0
100.0
100.0
100.0
100.0
100.0
100.0
100.0
100.0
100.0
100.0
100.0
100.0
100.0
100.0
100.0
100.0
100.0
100.0
100.0
100.0
100.0
100.0
100.0
100.0
100.0
100.0
100.0
100.0
100.0
100.0
100.0
100.0
100.0
100.0
100.0
100.0
100.0
100.0
100.0
100.0
100.0
100.0
100.0
100.0
100.0
100.0
100.0
100.0
100.0
100.0
100.0
100.0
100.0
100.0
100.0
100.0
100.0
100.0
100.0
100.0
100.0
100.0
100.0
100.0
100.0
100.0
100.0
100.0
100.0
100.0
100.0
100.0
100.0
100.0
100.0
100.0
100.0
100.0
100.0
100.0
100.0
100.0
100.0
100.0
100.0
100.0
100.0
100.0
100.0
100.0
100.0
100.0
100.0
100.0
100.0
100.0
100.0
100.0
100.0
100.0
100.0
100.0
100.0
100.0
100.0
100.0
100.0
100.0
100.0
100.0
100.0
100.0
100.0
100.0
100.0
100.0
100.0
100.0
100.0
100.0
100.0
100.0
100.0
100.0
100.0
100.0
100.0
100.0
100.0
100.0
100.0
100.0
100.0
100.0
100.0
100.0
100.0
100.0
100.0
100.0
100.0
100.0
100.0
100.0
100.0
100.0
100.0
100.0
100.0
100.0
100.0
100.0
100.0
100.0
100.0
100.0
100.0
100.0
100.0
100.0
100.0
100.0
100.0
100.0
100.0
100.0
100.0
100.0
100.0
100.0
100.0
100.0
100.0
100.0
100.0
100.0
100.0
100.0
100.0
100.0
100.0
100.0
100.0
100.0
100.0
100.0
100.0
100.0
100.0
100.0
100.0
100.0
100.0
100.0
100.0
100.0
100.0
100.0
100.0
100.0
100.0
100.0
100.0
100.0
100.0
100.0
100.0
100.0
100.0
100.0
100.0
100.0
100.0
100.0
100.0
100.0
100.0
100.0
100.0
100.0
100.0
100.0
100.0
100.0
100.0
100.0
100.0
100.0
100.0
100.0
100.0
100.0
100.0
100.0
100.0
100.0
100.0
100.0
100.0
100.0
100.0
100.0
100.0
100.0
100.0
100.0
100.0
100.0
100.0
100.0
100.0
100.0
100.0
100.0
100.0
100.0
100.0
100.0
100.0
100.0
100.0
100.0
100.0
100.0
100.0
100.0
100.0
100.0
100.0
100.0
100.0
100.0
100.0
100.0
100.0
100.0
100.0
100.0
100.0
100.0
100.0
100.0
100.0
100.0
100.0
100.0
100.0
100.0
100.0
100.0
100.0
100.0
100.0
100.0
100.0
100.0
100.0
100.0
100.0
100.0
100.0
100.0
100.0
100.0
100.0
100.0
100.0
100.0
100.0
100.0
100.0
100.0
100.0
100.0
100.0
100.0
100.0
100.0
100.0
100.0
100.0
100.0
100.0
100.0
100.0
100.0
100.0
100.0
100.0
100.0
100.0
100.0
100.0
100.0
100.0
100.0
100.0
100.0
100.0
100.0
100.0
100.0
100.0
100.0
100.0
100.0
100.0
100.0
100.0
100.0
100.0
100.0
100.0
100.0
100.0
100.0
100.0
100.0
100.0
100.0
100.0
100.0
100.0
100.0
100.0
100.0
100.0
100.0
100.0
100.0
100.0
100.0
100.0
100.0
100.0
100.0
100.0
100.0
100.0
100.0
100.0
100.0
100.0
100.0
100.0
100.0
100.0
100.0
100.0
100.0
100.0
100.0
100.0
100.0
100.0
100.0
100.0
100.0
100.0
100.0
100.0
100.0
100.0
100.0
100.0
100.0
100.0
100.0
100.0
100.0
100.0
100.0
100.0
100.0
100.0
100.0
100.0
100.0
100.0
100.0
100.0
100.0
100.0
100.0
100.0
100.0
100.0
100.0
100.0
100.0
100.0
100.0
100.0
100.0
100.0
100.0
100.0
100.0
100.0
100.0
100.0
100.0
100.0
100.0
100.0
100.0
100.0
100.0
100.0
100.0
100.0
100.0
100.0
100.0
100.0
100.0
100.0
100.0
100.0
100.0
100.0
100.0
100.0
100.0
100.0
100.0
100.0
100.0
100.0
100.0
100.0
100.0
100.0
100.0
100.0
100.0
100.0
100.0
100.0
100.0
100.0
100.0
100.0
100.0
100.0
100.0
100.0
100.0
100.0
100.0
100.0
100.0
100.0
100.0
50.0
50.0
50.0
50.0
50.0
50.0
50.0
50.0
50.0
50.0
50.0
50.0
50.0
50.0
50.0
50.0
50.0
50.0
50.0
50.0
50.0
50.0
50.0
50.0
50.0
50.0
50.0
50.0
50.0
50.0
50.0
50.0
50.0
50.0
50.0
50.0
50.0
50.0
50.0
50.0
50.0
50.0
50.0
50.0
50.0
50.0
50.0
50.0
50.0
50.0
50.0
50.0
50.0
50.0
50.0
50.0
50.0
50.0
50.0
50.0
50.0
50.0
50.0
50.0
50.0
50.0
50.0
50.0
50.0
50.0
50.0
50.0
50.0
50.0
50.0
50.0
50.0
50.0
50.0
50.0
50.0
50.0
50.0
50.0
50.0
50.0
50.0
50.0
50.0
50.0
50.0
50.0
50.0
50.0
50.0
50.0
50.0
50.0
50.0
50.0
50.0
50.0
50.0
50.0
50.0
50.0
50.0
50.0
50.0
50.0
50.0
50.0
50.0
50.0
50.0
50.0
50.0
50.0
50.0
50.0
50.0
50.0
50.0
50.0
50.0
50.0
50.0
50.0
50.0
50.0
50.0
50.0
50.0
50.0
50.0
50.0
50.0
50.0
50.0
50.0
50.0
50.0
50.0
50.0
50.0
50.0
50.0
50.0
50.0
50.0
50.0
50.0
50.0
50.0
50.0
50.0
50.0
50.0
50.0
50.0
50.0
50.0
50.0
50.0
50.0
50.0
50.0
50.0
50.0
50.0
50.0
50.0
50.0
50.0
50.0
50.0
50.0
50.0
50.0
50.0
50.0
50.0
50.0
50.0
50.0
50.0
50.0
50.0
50.0
50.0
50.0
50.0
50.0
50.0
50.0
50.0
50.0
50.0
50.0
50.0
50.0
50.0
50.0
50.0
50.0
50.0
50.0
50.0
50.0
50.0
50.0
50.0
50.0
50.0
50.0
50.0
50.0
50.0
50.0
50.0
50.0
50.0
50.0
50.0
50.0
50.0
50.0
50.0
50.0
50.0
50.0
50.0
50.0
50.0
50.0
50.0
50.0
50.0
50.0
50.0
50.0
50.0
50.0
50.0
50.0
50.0
50.0
50.0
50.0
50.0
50.0
50.0
50.0
50.0
50.0
50.0
50.0
50.0
50.0
50.0
50.0
50.0
50.0
50.0
50.0
50.0
50.0
50.0
50.0
50.0
50.0
50.0
50.0
50.0
50.0
50.0
50.0
50.0
50.0
50.0
50.0
50.0
50.0
50.0
50.0
50.0
50.0
50.0
50.0
50.0
50.0
50.0
50.0
50.0
50.0
50.0
50.0
50.0
50.0
50.0
50.0
50.0
50.0
50.0
50.0
50.0
50.0
50.0
50.0
50.0
50.0
50.0
50.0
50.0
50.0
50.0
50.0
50.0
50.0
50.0
50.0
50.0
50.0
50.0
50.0
50.0
50.0
50.0
50.0
50.0
50.0
50.0
50.0
50.0
50.0
50.0
50.0
50.0
50.0
50.0
50.0
50.0
50.0
50.0
50.0
50.0
50.0
50.0
50.0
50.0
50.0
50.0
50.0
50.0
50.0
50.0
50.0
50.0
50.0
50.0
50.0
50.0
50.0
50.0
50.0
50.0
50.0
50.0
50.0
50.0
50.0
50.0
50.0
50.0
50.0
50.0
50.0
50.0
50.0
50.0
50.0
50.0
50.0
50.0
50.0
50.0
50.0
50.0
50.0
50.0
50.0
50.0
50.0
50.0
50.0
50.0
50.0
50.0
50.0
50.0
50.0
50.0
50.0
50.0
50.0
50.0
50.0
50.0
50.0
50.0
50.0
50.0
50.0
50.0
50.0
50.0
50.0
50.0
50.0
50.0
50.0
50.0
50.0
50.0
50.0
50.0
50.0
50.0
50.0
50.0
50.0
50.0
50.0
50.0
50.0
50.0
50.0
50.0
50.0
50.0
50.0
50.0
50.0
50.0
50.0
50.0
50.0
50.0
50.0
50.0
50.0
50.0
50.0
50.0
50.0
50.0
50.0
50.0
50.0
50.0
50.0
50.0
50.0
50.0
50.0
50.0
50.0
50.0
50.0
50.0
50.0
50.0
50.0
50.0
50.0
50.0
50.0
50.0
50.0
50.0
50.0
50.0
50.0
50.0
50.0
50.0
50.0
50.0
50.0
50.0
50.0
50.0
50.0
50.0
50.0
50.0
50.0
50.0
50.0
50.0
50.0
100.0
100.0
100.0
100.0
100.0
100.0
100.0
100.0
100.0
100.0
100.0
100.0
100.0
100.0
100.0
100.0
100.0
100.0
100.0
100.0
100.0
100.0
100.0
100.0
100.0
100.0
100.0
100.0
100.0
100.0
100.0
100.0
100.0
100.0
100.0
100.0
100.0
100.0
100.0
100.0
100.0
100.0
100.0
100.0
100.0
100.0
100.0
100.0
100.0
100.0
100.0
100.0
100.0
100.0
100.0
100.0
100.0
100.0
100.0
100.0
100.0
100.0
100.0
100.0
100.0
100.0
100.0
100.0
100.0
100.0
100.0
100.0
100.0
100.0
100.0
100.0
100.0
100.0
100.0
100.0
100.0
100.0
100.0
100.0
100.0
100.0
100.0
100.0
100.0
100.0
100.0
100.0
100.0
100.0
100.0
100.0
100.0
100.0
100.0
100.0
100.0
100.0
100.0
100.0
100.0
100.0
100.0
100.0
100.0
100.0
100.0
100.0
100.0
100.0
100.0
100.0
100.0
100.0
100.0
100.0
100.0
100.0
100.0
100.0
100.0
100.0
100.0
100.0
100.0
100.0
100.0
100.0
100.0
100.0
100.0
100.0
100.0
100.0
100.0
100.0
100.0
100.0
100.0
100.0
100.0
100.0
100.0
100.0
100.0
100.0
100.0
100.0
100.0
100.0
100.0
100.0
100.0
100.0
100.0
100.0
100.0
100.0
100.0
100.0
100.0
100.0
100.0
100.0
100.0
100.0
100.0
100.0
100.0
100.0
100.0
100.0
100.0
100.0
100.0
100.0
100.0
100.0
100.0
100.0
100.0
100.0
100.0
100.0
100.0
100.0
100.0
100.0
100.0
100.0
100.0
100.0
100.0
100.0
100.0
100.0
100.0
100.0
100.0
100.0
100.0
100.0
100.0
100.0
100.0
100.0
100.0
100.0
100.0
100.0
100.0
100.0
100.0
100.0
100.0
100.0
100.0
100.0
100.0
100.0
100.0
100.0
100.0
100.0
100.0
100.0
100.0
100.0
100.0
100.0
100.0
100.0
100.0
100.0
100.0
100.0
100.0
100.0
100.0
100.0
100.0
100.0
100.0
100.0
100.0
100.0
100.0
100.0
100.0
100.0
100.0
100.0
100.0
100.0
100.0
100.0
100.0
100.0
100.0
100.0
100.0
100.0
100.0
100.0
100.0
100.0
100.0
100.0
100.0
100.0
100.0
100.0
100.0
100.0
100.0
100.0
100.0
100.0
100.0
100.0
100.0
100.0
100.0
100.0
100.0
100.0
100.0
100.0
100.0
100.0
100.0
100.0
100.0
100.0
100.0
100.0
100.0
100.0
100.0
100.0
100.0
100.0
100.0
100.0
100.0
100.0
100.0
100.0
100.0
100.0
100.0
100.0
100.0
100.0
100.0
100.0
100.0
100.0
100.0
100.0
100.0
100.0
100.0
100.0
100.0
100.0
100.0
100.0
100.0
100.0
100.0
100.0
100.0
100.0
100.0
100.0
100.0
100.0
100.0
100.0
100.0
100.0
100.0
100.0
100.0
100.0
100.0
100.0
100.0
100.0
100.0
100.0
100.0
100.0
100.0
100.0
100.0
100.0
100.0
100.0
100.0
100.0
100.0
100.0
100.0
100.0
100.0
100.0
100.0
100.0
100.0
100.0
100.0
100.0
100.0
100.0
100.0
100.0
100.0
100.0
100.0
100.0
100.0
100.0
100.0
100.0
100.0
100.0
100.0
100.0
100.0
100.0
100.0
100.0
100.0
100.0
100.0
100.0
100.0
100.0
100.0
100.0
100.0
100.0
100.0
100.0
100.0
100.0
100.0
100.0
100.0
100.0
100.0
100.0
100.0
100.0
100.0
100.0
100.0
100.0
100.0
100.0
100.0
100.0
100.0
100.0
100.0
100.0
100.0
100.0
100.0
100.0
100.0
100.0
100.0
100.0
100.0
100.0
100.0
100.0
100.0
100.0
100.0
100.0
100.0
100.0
100.0
100.0
100.0
100.0
100.0
100.0
100.0
100.0
100.0
100.0
100.0
100.0
100.0
100.0
100.0
100.0
100.0
100.0
100.0
100.0
100.0
100.0
100.0
100.0
100.0
100.0
100.0
100.0
100.0
100.0
100.0
100.0
100.0
100.0
100.0
100.0
100.0
100.0
100.0
100.0
100.0
100.0
100.0
100.0
100.0
100.0
100.0
100.0
100.0
100.0
50.0
50.0
50.0
50.0
50.0
50.0
50.0
50.0
50.0
50.0
50.0
50.0
50.0
50.0
50.0
50.0
50.0
50.0
50.0
50.0
50.0
50.0
50.0
50.0
50.0
50.0
50.0
50.0
50.0
50.0
50.0
50.0
50.0
50.0
50.0
50.0
50.0
50.0
50.0
50.0
50.0
50.0
50.0
50.0
50.0
50.0
50.0
50.0
50.0
50.0
50.0
50.0
50.0
50.0
50.0
50.0
50.0
50.0
50.0
50.0
50.0
50.0
50.0
50.0
50.0
50.0
50.0
50.0
50.0
50.0
50.0
50.0
50.0
50.0
50.0
50.0
50.0
50.0
50.0
50.0
50.0
50.0
50.0
50.0
50.0
50.0
50.0
50.0
50.0
50.0
50.0
50.0
50.0
50.0
50.0
50.0
50.0
50.0
50.0
50.0
50.0
50.0
50.0
50.0
50.0
50.0
50.0
50.0
50.0
50.0
50.0
50.0
50.0
50.0
50.0
50.0
50.0
50.0
50.0
50.0
50.0
50.0
50.0
50.0
50.0
50.0
50.0
50.0
50.0
50.0
50.0
50.0
50.0
50.0
50.0
50.0
50.0
50.0
50.0
50.0
50.0
50.0
50.0
50.0
50.0
50.0
50.0
50.0
50.0
50.0
50.0
50.0
50.0
50.0
50.0
50.0
50.0
50.0
50.0
50.0
50.0
50.0
50.0
50.0
50.0
50.0
50.0
50.0
50.0
50.0
50.0
50.0
50.0
50.0
50.0
50.0
50.0
50.0
50.0
50.0
50.0
50.0
50.0
50.0
50.0
50.0
50.0
50.0
50.0
50.0
50.0
50.0
50.0
50.0
50.0
50.0
50.0
50.0
50.0
50.0
50.0
50.0
50.0
50.0
50.0
50.0
50.0
50.0
50.0
50.0
50.0
50.0
50.0
50.0
50.0
50.0
50.0
50.0
50.0
50.0
50.0
50.0
50.0
50.0
50.0
50.0
50.0
50.0
50.0
50.0
50.0
50.0
50.0
50.0
50.0
50.0
50.0
50.0
50.0
50.0
50.0
50.0
50.0
50.0
50.0
50.0
50.0
50.0
50.0
50.0
50.0
50.0
50.0
50.0
50.0
50.0
50.0
50.0
50.0
50.0
50.0
50.0
50.0
50.0
50.0
50.0
50.0
50.0
50.0
50.0
50.0
50.0
50.0
50.0
50.0
50.0
50.0
50.0
50.0
50.0
50.0
50.0
50.0
50.0
50.0
50.0
50.0
50.0
50.0
50.0
50.0
50.0
50.0
50.0
50.0
50.0
50.0
50.0
50.0
50.0
50.0
50.0
50.0
50.0
50.0
50.0
50.0
50.0
50.0
50.0
50.0
50.0
50.0
50.0
50.0
50.0
50.0
50.0
50.0
50.0
50.0
50.0
50.0
50.0
50.0
50.0
50.0
50.0
50.0
50.0
50.0
50.0
50.0
50.0
50.0
50.0
50.0
50.0
50.0
50.0
50.0
50.0
50.0
50.0
50.0
50.0
50.0
50.0
50.0
50.0
50.0
50.0
50.0
50.0
50.0
50.0
50.0
50.0
50.0
50.0
50.0
50.0
50.0
50.0
50.0
50.0
50.0
50.0
50.0
50.0
50.0
50.0
50.0
50.0
50.0
50.0
50.0
50.0
50.0
50.0
50.0
50.0
50.0
50.0
50.0
50.0
50.0
50.0
50.0
50.0
50.0
50.0
50.0
50.0
50.0
50.0
50.0
50.0
50.0
50.0
50.0
50.0
50.0
50.0
50.0
50.0
50.0
50.0
50.0
50.0
50.0
50.0
50.0
50.0
50.0
50.0
50.0
50.0
50.0
50.0
50.0
50.0
50.0
50.0
50.0
50.0
50.0
50.0
50.0
50.0
50.0
50.0
50.0
50.0
50.0
50.0
50.0
50.0
50.0
50.0
50.0
50.0
50.0
50.0
50.0
50.0
50.0
50.0
50.0
50.0
50.0
50.0
50.0
50.0
50.0
50.0
50.0
50.0
50.0
50.0
50.0
50.0
50.0
50.0
50.0
50.0
50.0
50.0
50.0
50.0
50.0
50.0
50.0
50.0
50.0
50.0
50.0
50.0
50.0
50.0
50.0
50.0
50.0
50.0
50.0
50.0
50.0
50.0
50.0
50.0
50.0
50.0
50.0
50.0
50.0
50.0
50.0
50.0
50.0
50.0
50.0
100.0
100.0
100.0
100.0
100.0
100.0
100.0
100.0
100.0
100.0
100.0
100.0
100.0
100.0
100.0
100.0
100.0
100.0
100.0
100.0
100.0
100.0
100.0
100.0
100.0
100.0
100.0
100.0
100.0
100.0
100.0
100.0
100.0
100.0
100.0
100.0
100.0
100.0
100.0
100.0
100.0
100.0
100.0
100.0
100.0
100.0
100.0
100.0
100.0
100.0
100.0
100.0
100.0
100.0
100.0
100.0
100.0
100.0
100.0
100.0
100.0
100.0
100.0
100.0
100.0
100.0
100.0
100.0
100.0
100.0
100.0
100.0
100.0
100.0
100.0
100.0
100.0
100.0
100.0
100.0
100.0
100.0
100.0
100.0
100.0
100.0
100.0
100.0
100.0
100.0
100.0
100.0
100.0
100.0
100.0
100.0
100.0
100.0
100.0
100.0
100.0
100.0
100.0
100.0
100.0
100.0
100.0
100.0
100.0
100.0
100.0
100.0
100.0
100.0
100.0
100.0
100.0
100.0
100.0
100.0
100.0
100.0
100.0
100.0
100.0
100.0
100.0
100.0
100.0
100.0
100.0
100.0
100.0
100.0
100.0
100.0
100.0
100.0
100.0
100.0
100.0
100.0
100.0
100.0
100.0
100.0
100.0
100.0
100.0
100.0
100.0
100.0
100.0
100.0
100.0
100.0
100.0
100.0
100.0
100.0
100.0
100.0
100.0
100.0
100.0
100.0
100.0
100.0
100.0
100.0
100.0
100.0
100.0
100.0
100.0
100.0
100.0
100.0
100.0
100.0
100.0
100.0
100.0
100.0
100.0
100.0
100.0
100.0
100.0
100.0
100.0
100.0
100.0
100.0
100.0
100.0
100.0
100.0
100.0
100.0
100.0
100.0
100.0
100.0
100.0
100.0
100.0
100.0
100.0
100.0
100.0
100.0
100.0
100.0
100.0
100.0
100.0
100.0
100.0
100.0
100.0
100.0
100.0
100.0
100.0
100.0
100.0
100.0
100.0
100.0
100.0
100.0
100.0
100.0
100.0
100.0
100.0
100.0
100.0
100.0
100.0
100.0
100.0
100.0
100.0
100.0
100.0
100.0
100.0
100.0
100.0
100.0
100.0
100.0
100.0
100.0
100.0
100.0
100.0
100.0
100.0
100.0
100.0
100.0
100.0
100.0
100.0
100.0
100.0
100.0
100.0
100.0
100.0
100.0
100.0
100.0
100.0
100.0
100.0
100.0
100.0
100.0
100.0
100.0
100.0
100.0
100.0
100.0
100.0
100.0
100.0
100.0
100.0
100.0
100.0
100.0
100.0
100.0
100.0
100.0
100.0
100.0
100.0
100.0
100.0
100.0
100.0
100.0
100.0
100.0
100.0
100.0
100.0
100.0
100.0
100.0
100.0
100.0
100.0
100.0
100.0
100.0
100.0
100.0
100.0
100.0
100.0
100.0
100.0
100.0
100.0
100.0
100.0
100.0
100.0
100.0
100.0
100.0
100.0
100.0
100.0
100.0
100.0
100.0
100.0
100.0
100.0
100.0
100.0
100.0
100.0
100.0
100.0
100.0
100.0
100.0
100.0
100.0
100.0
100.0
100.0
100.0
100.0
100.0
100.0
100.0
100.0
100.0
100.0
100.0
100.0
100.0
100.0
100.0
100.0
100.0
100.0
100.0
100.0
100.0
100.0
100.0
100.0
100.0
100.0
100.0
100.0
100.0
100.0
100.0
100.0
100.0
100.0
100.0
100.0
100.0
100.0
100.0
100.0
100.0
100.0
100.0
100.0
100.0
100.0
100.0
100.0
100.0
100.0
100.0
100.0
100.0
100.0
100.0
100.0
100.0
100.0
100.0
100.0
100.0
100.0
100.0
100.0
100.0
100.0
100.0
100.0
100.0
100.0
100.0
100.0
100.0
100.0
100.0
100.0
100.0
100.0
100.0
100.0
100.0
100.0
100.0
100.0
100.0
100.0
100.0
100.0
100.0
100.0
100.0
100.0
100.0
100.0
100.0
100.0
100.0
100.0
100.0
100.0
100.0
100.0
100.0
100.0
100.0
100.0
100.0
100.0
100.0
100.0
100.0
100.0
100.0
100.0
100.0
100.0
100.0
100.0
100.0
100.0
100.0
100.0
100.0
100.0
100.0
100.0
100.0
100.0
100.0
100.0
100.0
100.0
100.0
100.0
100.0
100.0
100.0
100.0
100.0
100.0
100.0
50.0
50.0
50.0
50.0
50.0
50.0
50.0
50.0
50.0
50.0
50.0
50.0
50.0
50.0
50.0
50.0
50.0
50.0
50.0
50.0
50.0
50.0
50.0
50.0
50.0
50.0
50.0
50.0
50.0
50.0
50.0
50.0
50.0
50.0
50.0
50.0
50.0
50.0
50.0
50.0
50.0
50.0
50.0
50.0
50.0
50.0
50.0
50.0
50.0
50.0
50.0
50.0
50.0
50.0
50.0
50.0
50.0
50.0
50.0
50.0
50.0
50.0
50.0
50.0
50.0
50.0
50.0
50.0
50.0
50.0
50.0
50.0
50.0
50.0
50.0
50.0
50.0
50.0
50.0
50.0
50.0
50.0
50.0
50.0
50.0
50.0
50.0
50.0
50.0
50.0
50.0
50.0
50.0
50.0
50.0
50.0
50.0
50.0
50.0
50.0
50.0
50.0
50.0
50.0
50.0
50.0
50.0
50.0
50.0
50.0
50.0
50.0
50.0
50.0
50.0
50.0
50.0
50.0
50.0
50.0
50.0
50.0
50.0
50.0
50.0
50.0
50.0
50.0
50.0
50.0
50.0
50.0
50.0
50.0
50.0
50.0
50.0
50.0
50.0
50.0
50.0
50.0
50.0
50.0
50.0
50.0
50.0
50.0
50.0
50.0
50.0
50.0
50.0
50.0
50.0
50.0
50.0
50.0
50.0
50.0
50.0
50.0
50.0
50.0
50.0
50.0
50.0
50.0
50.0
50.0
50.0
50.0
50.0
50.0
50.0
50.0
50.0
50.0
50.0
50.0
50.0
50.0
50.0
50.0
50.0
50.0
50.0
50.0
50.0
50.0
50.0
50.0
50.0
50.0
50.0
50.0
50.0
50.0
50.0
50.0
50.0
50.0
50.0
50.0
50.0
50.0
50.0
50.0
50.0
50.0
50.0
50.0
50.0
50.0
50.0
50.0
50.0
50.0
50.0
50.0
50.0
50.0
50.0
50.0
50.0
50.0
50.0
50.0
50.0
50.0
50.0
50.0
50.0
50.0
50.0
50.0
50.0
50.0
50.0
50.0
50.0
50.0
50.0
50.0
50.0
50.0
50.0
50.0
50.0
50.0
50.0
50.0
50.0
50.0
50.0
50.0
50.0
50.0
50.0
50.0
50.0
50.0
50.0
50.0
50.0
50.0
50.0
50.0
50.0
50.0
50.0
50.0
50.0
50.0
50.0
50.0
50.0
50.0
50.0
50.0
50.0
50.0
50.0
50.0
50.0
50.0
50.0
50.0
50.0
50.0
50.0
50.0
50.0
50.0
50.0
50.0
50.0
50.0
50.0
50.0
50.0
50.0
50.0
50.0
50.0
50.0
50.0
50.0
50.0
50.0
50.0
50.0
50.0
50.0
50.0
50.0
50.0
50.0
50.0
50.0
50.0
50.0
50.0
50.0
50.0
50.0
50.0
50.0
50.0
50.0
50.0
50.0
50.0
50.0
50.0
50.0
50.0
50.0
50.0
50.0
50.0
50.0
50.0
50.0
50.0
50.0
50.0
50.0
50.0
50.0
50.0
50.0
50.0
50.0
50.0
50.0
50.0
50.0
50.0
50.0
50.0
50.0
50.0
50.0
50.0
50.0
50.0
50.0
50.0
50.0
50.0
50.0
50.0
50.0
50.0
50.0
50.0
50.0
50.0
50.0
50.0
50.0
50.0
50.0
50.0
50.0
50.0
50.0
50.0
50.0
50.0
50.0
50.0
50.0
50.0
50.0
50.0
50.0
50.0
50.0
50.0
50.0
50.0
50.0
50.0
50.0
50.0
50.0
50.0
50.0
50.0
50.0
50.0
50.0
50.0
50.0
50.0
50.0
50.0
50.0
50.0
50.0
50.0
50.0
50.0
50.0
50.0
50.0
50.0
50.0
50.0
50.0
50.0
50.0
50.0
50.0
50.0
50.0
50.0
50.0
50.0
50.0
50.0
50.0
50.0
50.0
50.0
50.0
50.0
50.0
50.0
50.0
50.0
50.0
50.0
50.0
50.0
50.0
50.0
50.0
50.0
50.0
50.0
50.0
50.0
50.0
50.0
50.0
50.0
50.0
50.0
50.0
50.0
50.0
50.0
50.0
50.0
50.0
50.0
50.0
50.0
50.0
50.0
50.0
50.0
50.0
50.0
50.0
50.0
50.0
50.0
50.0
50.0
50.0
50.0
50.0
50.0
50.0
50.0
50.0
50.0
100.0
100.0
100.0
100.0
100.0
100.0
100.0
100.0
100.0
100.0
100.0
100.0
100.0
100.0
100.0
100.0
100.0
100.0
100.0
100.0
100.0
100.0
100.0
100.0
100.0
100.0
100.0
100.0
100.0
100.0
100.0
100.0
100.0
100.0
100.0
100.0
100.0
100.0
100.0
100.0
100.0
100.0
100.0
100.0
100.0
100.0
100.0
100.0
100.0
100.0
100.0
100.0
100.0
100.0
100.0
100.0
100.0
100.0
100.0
100.0
100.0
100.0
100.0
100.0
100.0
100.0
100.0
100.0
100.0
100.0
100.0
100.0
100.0
100.0
100.0
100.0
100.0
100.0
100.0
100.0
100.0
100.0
100.0
100.0
100.0
100.0
100.0
100.0
100.0
100.0
100.0
100.0
100.0
100.0
100.0
100.0
100.0
100.0
100.0
100.0
100.0
100.0
100.0
100.0
100.0
100.0
100.0
100.0
100.0
100.0
100.0
100.0
100.0
100.0
100.0
100.0
100.0
100.0
100.0
100.0
100.0
100.0
100.0
100.0
100.0
100.0
100.0
100.0
100.0
100.0
100.0
100.0
100.0
100.0
100.0
100.0
100.0
100.0
100.0
100.0
100.0
100.0
100.0
100.0
100.0
100.0
100.0
100.0
100.0
100.0
100.0
100.0
100.0
100.0
100.0
100.0
100.0
100.0
100.0
100.0
100.0
100.0
100.0
100.0
100.0
100.0
100.0
100.0
100.0
100.0
100.0
100.0
100.0
100.0
100.0
100.0
100.0
100.0
100.0
100.0
100.0
100.0
100.0
100.0
100.0
100.0
100.0
100.0
100.0
100.0
100.0
100.0
100.0
100.0
100.0
100.0
100.0
100.0
100.0
100.0
100.0
100.0
100.0
100.0
100.0
100.0
100.0
100.0
100.0
100.0
100.0
100.0
100.0
100.0
100.0
100.0
100.0
100.0
100.0
100.0
100.0
100.0
100.0
100.0
100.0
100.0
100.0
100.0
100.0
100.0
100.0
100.0
100.0
100.0
100.0
100.0
100.0
100.0
100.0
100.0
100.0
100.0
100.0
100.0
100.0
100.0
100.0
100.0
100.0
100.0
100.0
100.0
100.0
100.0
100.0
100.0
100.0
100.0
100.0
100.0
100.0
100.0
100.0
100.0
100.0
100.0
100.0
100.0
100.0
100.0
100.0
100.0
100.0
100.0
100.0
100.0
100.0
100.0
100.0
100.0
100.0
100.0
100.0
100.0
100.0
100.0
100.0
100.0
100.0
100.0
100.0
100.0
100.0
100.0
100.0
100.0
100.0
100.0
100.0
100.0
100.0
100.0
100.0
100.0
