0.0
0.0
0.0
0.0
0.0
0.0
0.01227168
0.02454336
0.03681504
0.05522256
0.07363008
0.0920376
0.1104451
0.1288526
0.153396
0.1779394
0.2024827
0.2270261
0.2515694
0.2761128
0.306792
0.3374712
0.3620146
0.3988296
0.4295088
0.460188
0.497003
0.5338181
0.5706331
0.6074482
0.6442632
0.6872141
0.7240291
0.76698
0.8099309
0.8528817
0.8958327
0.9387835
0.9817344
1.030821
1.079908
1.128995
1.178081
1.227168
1.276255
1.325341
1.374428
1.429651
1.478737
1.53396
1.583047
1.638269
1.693492
1.748714
1.803937
1.859159
1.914382
1.97574
2.030963
2.092321
2.15368
2.208902
2.270261
2.331619
2.392977
2.454336
2.509558
2.570917
2.632275
2.693634
2.754992
2.81635
2.883845
2.945203
3.006562
3.06792
3.135414
3.196773
3.264267
3.325625
3.39312
3.454478
3.521972
3.583331
3.650825
3.718319
3.785813
3.853307
3.920802
3.98216
4.049654
4.117148
4.190779
4.258273
4.319632
4.387125
4.45462
4.522114
4.589608
4.650967
4.718461
4.785955
4.847313
4.914808
4.976166
5.043661
5.105019
5.166377
5.233871
5.29523
5.356588
5.417947
5.479305
5.540664
5.602022
5.66338
5.724739
5.786097
5.84132
5.902678
5.964036
6.019259
6.080617
6.141976
6.197198
6.252421
6.313779
6.369002
6.424224
6.479447
6.534669
6.583756
6.638979
6.688066
6.743288
6.792375
6.841462
6.890548
6.939635
6.988722
7.037808
7.086895
7.129846
7.178933
7.221884
7.264834
7.307786
7.350736
7.393687
7.436638
7.479589
7.516404
7.559355
7.59617
7.639121
7.675936
7.712751
7.749566
7.780245
7.81706
7.853875
7.884554
7.92137
7.952049
7.982728
8.013407
8.044086
8.074765
8.099309
8.129988
8.154531
8.179074
8.203618
8.222026
8.246569
8.264977
8.283384
8.301791
8.314063
8.332471
8.344743
8.357014
8.369286
8.381557
8.387693
8.399965
8.406101
8.418372
8.424508
8.430644
8.430644
8.43678
8.442916
8.442916
8.442916
8.442916
8.442916
8.442916
8.442916
8.442916
8.442916
8.442916
8.442916
8.442916
8.442916
8.442916
8.442916
8.442916
8.442916
8.442916
8.442916
8.442916
8.442916
8.442916
8.442916
8.442916
8.442916
8.442916
8.442916
8.442916
8.442916
8.442916
8.442916
8.442916
8.442916
8.442916
8.442916
8.442916
8.442916
8.442916
8.442916
8.442916
8.442916
8.442916
8.442916
8.442916
8.442916
8.442916
8.442916
8.442916
8.442916
8.442916
8.442916
8.442916
8.442916
8.442916
8.442916
8.442916
8.442916
8.442916
8.442916
8.442916
8.442916
8.442916
8.442916
8.442916
8.442916
8.442916
8.442916
8.442916
8.442916
8.442916
8.442916
8.442916
8.442916
8.442916
8.442916
8.442916
8.442916
8.442916
8.442916
8.442916
8.442916
8.442916
8.442916
8.442916
8.442916
8.442916
8.442916
8.442916
8.442916
8.442916
8.442916
8.442916
8.442916
8.442916
8.442916
8.442916
8.442916
8.442916
8.442916
8.442916
8.442916
8.442916
8.442916
8.442916
8.442916
8.442916
8.442916
8.442916
8.442916
8.442916
8.442916
8.442916
8.442916
8.442916
8.442916
8.442916
8.442916
8.442916
8.442916
8.442916
8.442916
8.442916
8.442916
8.442916
8.442916
8.442916
8.442916
8.442916
8.442916
8.442916
8.442916
8.442916
8.442916
8.442916
8.442916
8.442916
8.442916
8.442916
8.442916
8.442916
8.442916
8.442916
8.442916
8.442916
8.442916
8.442916
8.442916
8.442916
8.442916
8.442916
8.442916
8.442916
8.442916
8.442916
8.442916
8.442916
8.442916
8.442916
8.442916
8.442916
8.442916
8.442916
8.442916
8.442916
8.442916
8.442916
8.442916
8.442916
8.442916
8.442916
8.442916
8.442916
8.442916
8.442916
8.442916
8.442916
8.442916
8.442916
8.442916
8.442916
8.442916
8.442916
8.442916
8.442916
8.442916
8.442916
8.442916
8.442916
8.442916
8.442916
8.442916
8.442916
8.442916
8.442916
8.442916
8.442916
8.442916
8.442916
8.442916
8.442916
8.442916
8.442916
8.442916
8.442916
8.442916
8.442916
8.442916
8.442916
8.442916
8.442916
8.442916
8.442916
8.442916
8.442916
8.442916
8.442916
8.442916
8.442916
8.442916
8.442916
8.442916
8.442916
8.442916
8.442916
8.442916
8.442916
8.442916
8.442916
8.442916
8.442916
8.442916
8.442916
8.442916
8.442916
8.442916
8.442916
8.442916
8.442916
8.442916
8.442916
8.442916
8.442916
8.442916
8.442916
8.442916
8.442916
8.442916
8.442916
8.442916
8.442916
8.442916
8.442916
8.442916
8.442916
8.442916
8.442916
8.442916
8.442916
8.442916
8.442916
8.442916
8.442916
8.442916
8.442916
8.442916
8.442916
8.442916
8.442916
8.442916
8.442916
8.442916
8.442916
8.442916
8.442916
8.442916
8.442916
8.442916
8.442916
8.442916
8.442916
8.442916
8.442916
8.442916
8.442916
8.442916
8.442916
8.442916
8.442916
8.442916
8.442916
8.442916
8.442916
8.442916
8.442916
8.442916
8.442916
8.442916
8.442916
8.442916
8.442916
8.442916
8.442916
8.442916
8.442916
8.442916
8.442916
8.442916
8.442916
8.442916
8.442916
8.442916
8.442916
8.442916
8.442916
8.442916
8.455188
8.467459
8.485867
8.504274
8.528817
8.553361
8.58404
8.620855
8.65767
8.694486
8.737436
8.786523
8.835609
8.890832
8.946054
9.007413
9.068771
9.136266
9.20376
9.27739
9.35102
9.430786
9.510552
9.596454
9.682356
9.774393
9.86643
9.958468
10.05664
10.15481
10.25912
10.36957
10.48001
10.59046
10.7009
10.81749
10.9402
11.06292
11.18564
11.30835
11.44334
11.57219
11.70105
11.83604
11.97716
12.11215
12.25327
12.40053
12.54166
12.68892
12.83618
12.98344
13.13683
13.29023
13.44363
13.59702
13.75042
13.90995
14.06334
14.22288
14.38855
14.54808
14.70761
14.87328
15.03894
15.20461
15.37028
15.54208
15.71389
15.88569
16.05749
16.23543
16.41337
16.59131
16.76925
16.94719
17.13127
17.31534
17.49942
17.68349
17.86757
18.05164
18.24185
18.42593
18.61614
18.80021
18.99043
19.1745
19.36471
19.54879
19.739
19.92307
20.10715
20.29122
20.48143
20.66551
20.84958
21.03979
21.22387
21.40795
21.59202
21.78223
21.96631
22.15652
22.34059
22.5308
22.72102
22.91123
23.10144
23.29165
23.48186
23.67207
23.86228
24.05249
24.2427
24.42678
24.61699
24.8072
24.99128
25.18149
25.36556
25.54964
25.72758
25.91165
26.09573
26.27367
26.45161
26.62341
26.80135
26.97315
27.14496
27.31676
27.48856
27.66037
27.82603
27.99784
28.16351
28.32917
28.49484
28.66051
28.82618
28.99184
29.15137
29.31704
29.47658
29.63611
29.79564
29.95517
30.10857
30.2681
30.4215
30.57489
30.72215
30.86941
31.01667
31.16393
31.30506
31.45232
31.58731
31.72843
31.86342
31.99841
32.13339
32.26225
32.3911
32.51382
32.64267
32.76538
32.88197
32.99855
33.11513
33.23171
33.34216
33.4526
33.55691
33.66735
33.77166
33.86983
33.97415
34.07232
34.17049
34.26253
34.3607
34.45274
34.53864
34.63068
34.71658
34.80248
34.88225
34.96815
35.04792
35.12155
35.20131
35.27494
35.34858
35.41607
35.4897
35.55719
35.62469
35.68605
35.7474
35.80876
35.87012
35.92534
35.9867
36.04192
36.09101
36.14623
36.19532
36.23827
36.28736
36.33031
36.37326
36.41621
36.45303
36.48984
36.52666
36.56347
36.59415
36.63097
36.66164
36.68619
36.71687
36.74141
36.76595
36.7905
36.8089
36.82731
36.84572
36.86413
36.88253
36.89481
36.90708
36.91935
36.93162
36.94389
36.95003
36.95617
36.9623
36.96844
36.96844
36.97457
36.97457
36.97457
36.97457
36.97457
36.97457
36.97457
36.97457
36.97457
36.97457
36.97457
36.97457
36.97457
36.97457
36.97457
36.97457
36.97457
36.97457
36.96844
36.96844
36.9623
36.9623
36.9623
36.9623
36.95617
36.95617
36.95617
36.95617
36.95617
36.95003
36.95003
36.95003
36.95003
36.95003
36.95617
36.95617
36.95617
36.95617
36.95617
36.95617
36.95617
36.95617
36.95617
36.95617
36.95617
36.95617
36.95617
36.95617
36.95617
36.95617
36.95617
36.95617
36.95617
36.95617
36.95617
36.95617
36.95617
36.95617
36.95617
36.95617
36.95617
36.95617
36.95617
36.95617
36.95617
36.95617
36.95617
36.95617
36.95617
36.95617
36.95617
36.95617
36.95617
36.95617
36.95617
36.95617
36.95617
36.95617
36.95617
36.95617
36.95617
36.95617
36.95617
36.95617
36.95617
36.95617
36.95617
36.95617
36.95617
36.95617
36.95617
36.95617
36.95617
36.95617
36.95617
36.95617
36.95617
36.95617
36.95617
36.95617
36.95617
36.95617
36.95617
36.95617
36.95617
36.95617
36.95617
36.95617
36.95617
36.95617
36.95617
36.95617
36.95617
36.95617
36.95617
36.95617
36.95617
36.95617
36.95617
36.95617
36.95617
36.95617
36.95617
36.95617
36.95617
36.95617
36.95617
36.95617
36.95617
36.95617
36.95617
36.95617
36.95617
36.95617
36.95617
36.95617
36.95617
36.95617
36.95617
36.95617
36.95617
36.95617
36.95617
36.95617
36.95617
36.95617
36.95617
36.95617
36.95617
36.95617
36.95617
36.95617
36.95617
36.95617
36.95617
36.95617
36.95617
36.95617
36.95617
36.95617
36.95617
36.95617
36.95617
36.95617
36.95617
36.95617
36.95617
36.95617
36.95617
36.95617
36.95617
36.95617
36.95617
36.95617
36.95617
36.95617
36.95617
36.95617
36.95617
36.95617
36.95617
36.95617
36.95617
36.95617
36.95617
36.95617
36.95617
36.95617
36.95617
36.95617
36.95617
36.95617
36.95617
36.95617
36.95617
36.95617
36.95617
36.95617
36.95617
36.95617
36.95617
36.95617
36.95617
36.95617
36.95617
36.95617
36.95617
36.95617
36.95617
36.95617
36.95617
36.95617
36.95617
36.95617
36.95617
36.95617
36.95617
36.95617
36.95617
36.95617
36.95617
36.95617
36.95617
36.95617
36.95617
36.95617
36.95617
36.95617
36.95617
36.95617
36.95617
36.95617
36.95617
36.95617
36.95617
36.95617
36.95617
36.95617
36.95617
36.95617
36.95617
36.95617
36.95617
36.95617
36.95617
36.95617
36.95617
36.95617
36.95617
36.95617
36.95617
36.95617
36.95617
36.95617
36.95617
36.95617
36.95617
36.95617
36.95003
36.93776
36.92548
36.90708
36.88253
36.85186
36.82117
36.78436
36.74141
36.69846
36.64937
36.60028
36.54506
36.4837
36.42234
36.35485
36.28736
36.21373
36.13396
36.0542
35.97443
35.88853
35.80263
35.71059
35.61855
35.52651
35.42834
35.32403
35.22586
35.12155
35.01724
34.90679
34.79635
34.67977
34.56932
34.45274
34.33002
34.20731
34.08459
33.96188
33.83302
33.70417
33.56918
33.43419
33.2992
33.16422
33.02309
32.88197
32.74084
32.59358
32.44632
32.29906
32.14566
31.99227
31.83887
31.68548
31.52595
31.36641
31.20688
31.04121
30.90009
30.73442
30.57489
30.40922
30.24356
30.07789
29.91222
29.74042
29.56861
29.40294
29.23114
29.06547
28.89367
28.728
28.5562
28.3844
28.21873
28.04692
27.87512
27.70332
27.53151
27.36585
27.19404
27.02224
26.85044
26.67863
26.50683
26.32889
26.15709
25.98528
25.80734
25.63554
25.4576
25.2858
25.10786
24.93605
24.75811
24.58018
24.40224
24.23043
24.05249
23.87455
23.70275
23.52481
23.35301
23.17507
23.0094
22.8376
22.66579
22.50013
22.33446
22.16879
22.00312
21.83745
21.67179
21.51225
21.34659
21.19319
21.03366
20.87413
20.72073
20.5612
20.4078
20.25441
20.09488
19.94148
19.78808
19.63469
19.48129
19.33403
19.18064
19.03337
18.88612
18.73886
18.59159
18.44433
18.29708
18.15595
18.01483
17.8737
17.72644
17.59145
17.45033
17.3092
17.17422
17.04536
16.91038
16.78152
16.65267
16.52382
16.39496
16.27225
16.14953
16.03295
15.91023
15.79365
15.67707
15.56663
15.45618
15.34574
15.23529
15.13098
15.02667
14.9285
14.82419
14.72602
14.63398
14.5358
14.44377
14.35173
14.25969
14.17379
14.08175
13.99585
13.91609
13.83018
13.75042
13.67065
13.59089
13.51726
13.44363
13.37
13.3025
13.22887
13.16138
13.10002
13.03252
12.97117
12.91594
12.85458
12.79936
12.74414
12.68892
12.63369
12.58461
12.53552
12.48643
12.43735
12.3944
12.35145
12.30849
12.26554
12.22259
12.18578
12.14896
12.11215
12.07533
12.04465
12.00784
11.97716
11.94648
11.92194
11.89126
11.86671
11.84217
11.81763
11.79308
11.76854
11.744
11.72559
11.70718
11.68264
11.66423
11.65196
11.63355
11.61514
11.60287
11.5906
11.57219
11.56606
11.55379
11.54152
11.53538
11.52311
11.51697
11.51084
11.5047
11.5047
11.49856
11.49856
11.49243
11.49243
11.49243
11.49243
11.49243
11.49243
11.49856
11.49856
11.49856
11.49856
11.49856
11.49856
11.49856
11.49856
11.49856
11.49856
11.49856
11.49856
11.49856
11.49856
11.49856
11.49856
11.49856
11.49856
11.49856
11.49856
11.49856
11.49856
11.49856
11.49856
11.49856
11.49856
11.49856
11.49856
11.49856
11.49856
11.49856
11.49856
11.49856
11.49856
11.49856
11.49856
11.49856
11.49856
11.49856
11.49856
11.49856
11.49856
11.49856
11.49856
11.49856
11.49856
11.49856
11.49856
11.49856
11.49856
11.49856
11.49856
11.49856
11.49856
11.49856
11.49856
11.49856
11.49856
11.49856
11.49856
11.49856
11.49856
11.49856
11.49856
11.49856
11.49856
11.49856
11.49856
11.49856
11.49856
11.49856
11.49856
11.49856
11.49856
11.49856
11.49856
11.49856
11.49856
11.49856
11.49856
11.49856
11.49856
11.49856
11.49856
11.49856
11.49856
11.49856
11.49856
11.49856
11.49856
11.49856
11.49856
11.49856
11.49856
11.49856
11.49856
11.49856
11.49856
11.49856
11.49856
11.49856
11.49856
11.49856
11.49856
11.49856
11.49856
11.49856
11.49856
11.49856
11.49856
11.49856
11.49856
11.49856
11.49856
11.49856
11.49856
11.49856
11.49856
11.49856
11.49856
11.49856
11.49856
11.49856
11.49856
11.49856
11.49856
11.49856
11.49856
11.49856
11.49856
11.49856
11.49856
11.49856
11.49856
11.49856
11.49856
11.49856
11.49856
11.49856
11.49856
11.49856
11.49856
11.49856
11.49856
11.49856
11.49856
11.49856
11.49856
11.49856
11.49856
11.49856
11.49856
11.49856
11.49856
11.49856
11.49856
11.49856
11.49856
11.49856
11.49856
11.49856
11.49856
11.49856
11.49856
11.49856
11.49856
11.49856
11.49856
11.49856
11.49856
11.49856
11.49856
11.49856
11.49856
11.49856
11.49856
11.49856
11.49856
11.49856
11.49856
11.49856
11.49856
11.49856
11.49856
11.49856
11.49856
11.49856
11.49856
11.49856
11.49856
11.49856
11.49856
11.49856
11.49856
11.49856
11.49856
11.49856
11.49856
11.49856
11.49856
11.49856
11.49856
11.49856
11.49856
11.49856
11.49856
11.49856
11.49856
11.49856
11.49856
11.49856
11.49856
11.49856
11.49856
11.49856
11.49856
11.49856
11.49856
11.49856
11.49856
11.49856
11.49856
11.49856
11.49856
11.49856
11.49856
11.49856
11.49856
11.49856
11.49856
11.49856
11.49856
11.49856
11.49856
11.49856
11.49856
11.49856
11.49856
11.49856
11.49856
11.49856
11.49856
11.49856
11.49856
11.49856
11.49856
11.49856
11.49856
11.49856
11.49856
11.49856
11.49856
11.49856
11.49856
11.49856
11.49856
11.49856
11.5047
11.52311
11.54765
11.57219
11.60287
11.63355
11.67037
11.71332
11.75627
11.80536
11.85444
11.90967
11.97102
12.03238
12.09374
12.16123
12.22873
12.30236
12.38212
12.46189
12.54166
12.62756
12.71346
12.8055
12.89754
12.98957
13.08775
13.18592
13.29023
13.39454
13.50498
13.61543
13.72587
13.83632
13.9529
14.06948
14.1922
14.31491
14.43763
14.56648
14.6892
14.82419
14.95304
15.08803
15.22302
15.35801
15.49913
15.64026
15.78138
15.92864
16.0759
16.22316
16.37656
16.52995
16.68335
16.84288
17.00241
17.16195
17.32761
17.46874
17.62827
17.79394
17.95347
18.11913
18.2848
18.45047
18.61614
18.78181
18.94747
19.11314
19.27881
19.45061
19.61628
19.78195
19.94762
20.11942
20.28509
20.45075
20.62256
20.78823
20.95389
21.1257
21.29136
21.46317
21.62884
21.80064
21.97244
22.13811
22.30991
22.48172
22.65352
22.83146
23.00326
23.1812
23.35301
23.52481
23.70275
23.87455
24.05249
24.2243
24.40224
24.57404
24.74584
24.91765
25.08945
25.26125
25.43306
25.59872
25.76439
25.9362
26.10186
26.26753
26.4332
26.59273
26.7584
26.91793
27.07746
27.23699
27.39653
27.54992
27.70945
27.86285
28.02238
28.17578
28.32917
28.48257
28.63597
28.78323
28.93662
29.08388
29.23728
29.38454
29.5318
29.67906
29.82632
29.96744
30.1147
30.25583
30.39695
30.53808
30.67306
30.80805
30.94304
31.07803
31.20688
31.33574
31.46459
31.59344
31.71616
31.83887
31.96159
32.07817
32.19475
32.31747
32.42791
32.53836
32.6488
32.75925
32.86356
32.96787
33.07218
33.17649
33.27466
33.37283
33.46487
33.55691
33.65508
33.74099
33.83302
33.91892
34.00483
34.09073
34.17049
34.25639
34.33616
34.40979
34.48956
34.56319
34.63682
34.71045
34.77794
34.84544
34.91293
34.97429
35.04178
35.10314
35.1645
35.21972
35.27494
35.3363
35.38539
35.44061
35.4897
35.54492
35.58787
35.63696
35.67991
35.729
35.77195
35.80876
35.85171
35.88853
35.92534
35.96216
35.99284
36.02352
36.0542
36.08487
36.11555
36.1401
36.16464
36.18918
36.21373
36.23214
36.25054
36.26895
36.28736
36.29963
36.31804
36.33031
36.33644
36.34872
36.35485
36.36099
36.36712
36.37326
36.37326
36.37326
36.37326
36.37326
36.37326
36.37326
36.37326
36.37326
36.37326
36.37326
36.37326
36.37326
36.37326
36.37326
36.37326
36.37326
36.37326
36.37326
36.37326
36.36712
36.36712
36.36712
36.36099
36.36099
36.36099
36.35485
36.35485
36.35485
36.35485
36.35485
36.35485
36.34872
36.34872
36.35485
36.35485
36.35485
36.35485
36.35485
36.35485
36.35485
36.35485
36.35485
36.35485
36.35485
36.35485
36.35485
36.35485
36.35485
36.35485
36.35485
36.35485
36.35485
36.35485
36.35485
36.35485
36.35485
36.35485
36.35485
36.35485
36.35485
36.35485
36.35485
36.35485
36.35485
36.35485
36.35485
36.35485
36.35485
36.35485
36.35485
36.35485
36.35485
36.35485
36.35485
36.35485
36.35485
36.35485
36.35485
36.35485
36.35485
36.35485
36.35485
36.35485
36.35485
36.35485
36.35485
36.35485
36.35485
36.35485
36.35485
36.35485
36.35485
36.35485
36.35485
36.35485
36.35485
36.35485
36.35485
36.35485
36.35485
36.35485
36.35485
36.35485
36.35485
36.35485
36.35485
36.35485
36.35485
36.35485
36.35485
36.35485
36.35485
36.35485
36.35485
36.35485
36.35485
36.35485
36.35485
36.35485
36.35485
36.35485
36.35485
36.35485
36.35485
36.35485
36.35485
36.35485
36.35485
36.35485
36.35485
36.35485
36.35485
36.35485
36.35485
36.35485
36.35485
36.35485
36.35485
36.35485
36.35485
36.35485
36.35485
36.35485
36.35485
36.35485
36.35485
36.35485
36.35485
36.35485
36.35485
36.35485
36.35485
36.35485
36.35485
36.35485
36.35485
36.35485
36.35485
36.35485
36.35485
36.35485
36.35485
36.35485
36.35485
36.35485
36.35485
36.35485
36.35485
36.35485
36.35485
36.35485
36.35485
36.35485
36.35485
36.35485
36.35485
36.35485
36.35485
36.35485
36.35485
36.35485
36.35485
36.35485
36.35485
36.35485
36.35485
36.35485
36.35485
36.35485
36.35485
36.35485
36.35485
36.35485
36.35485
36.35485
36.35485
36.35485
36.35485
36.35485
36.35485
36.35485
36.35485
36.35485
36.35485
36.35485
36.35485
36.35485
36.35485
36.35485
36.35485
36.35485
36.35485
36.35485
36.35485
36.35485
36.35485
36.35485
36.35485
36.35485
36.35485
36.35485
36.35485
36.35485
36.35485
36.35485
36.35485
36.35485
36.35485
36.35485
36.35485
36.35485
36.35485
36.35485
36.35485
36.35485
36.35485
36.35485
36.35485
36.35485
36.35485
36.35485
36.35485
36.35485
36.35485
36.35485
36.35485
36.35485
36.35485
36.35485
36.35485
36.35485
36.35485
36.35485
36.35485
36.35485
36.35485
36.35485
36.35485
36.35485
36.35485
36.35485
36.35485
36.35485
36.35485
36.35485
36.35485
36.35485
36.35485
36.35485
36.35485
36.35485
36.35485
36.34872
36.33644
36.31804
36.29963
36.28122
36.25054
36.21986
36.18305
36.14623
36.10328
36.06033
36.01125
35.95602
35.9008
35.83944
35.77808
35.71672
35.64923
35.5756
35.50197
35.42834
35.34858
35.26881
35.18291
35.097
35.0111
34.91906
34.82703
34.73499
34.63682
34.53251
34.43433
34.33002
34.21958
34.10913
33.99869
33.88824
33.77166
33.65508
33.53236
33.40965
33.28693
33.16422
33.03536
32.90651
32.77152
32.64267
32.50768
32.36655
32.23157
32.09044
31.94318
31.80206
31.6548
31.50754
31.35414
31.20075
31.04735
30.89395
30.73442
30.58103
30.4215
30.27423
30.12084
29.96131
29.80177
29.64224
29.47658
29.31704
29.15137
28.99184
28.83231
28.66665
28.50711
28.34144
28.18191
28.01624
27.85058
27.69105
27.52538
27.35971
27.19404
27.02838
26.86271
26.69704
26.53137
26.3657
26.20004
26.02823
25.86257
25.6969
25.52509
25.35329
25.18762
25.01582
24.84402
24.67221
24.50654
24.33474
24.16294
23.99113
23.82547
23.65366
23.48186
23.31619
23.14439
22.97872
22.81305
22.65352
22.48785
22.32832
22.16879
22.00926
21.84973
21.6902
21.5368
21.37727
21.22387
21.07047
20.91708
20.76368
20.61029
20.46303
20.30963
20.16237
20.01511
19.86785
19.71445
19.56719
19.41993
19.27881
19.13155
18.99043
18.84316
18.70204
18.56091
18.41979
18.27867
18.14368
18.00255
17.86757
17.73258
17.59759
17.4626
17.32761
17.19876
17.06991
16.94105
16.8122
16.68949
16.56677
16.44405
16.32747
16.21089
16.09431
15.97773
15.86728
15.7507
15.64639
15.53595
15.43164
15.32733
15.22302
15.12485
15.02667
14.93463
14.83646
14.74442
14.65239
14.56648
14.47445
14.38855
14.30264
14.22288
14.13698
14.05721
13.97744
13.90381
13.82405
13.75042
13.67679
13.60929
13.53566
13.46817
13.40681
13.33932
13.27796
13.2166
13.16138
13.10002
13.0448
12.99571
12.94049
12.8914
12.84231
12.79323
12.75028
12.70119
12.65824
12.61529
12.57847
12.53552
12.49871
12.46189
12.42508
12.3944
12.36372
12.33304
12.30236
12.27168
12.241
12.21646
12.19191
12.16737
12.14283
12.12442
12.09988
12.08147
12.06306
12.04465
12.02625
12.01397
11.99557
11.9833
11.97102
11.95875
11.94648
11.94034
11.92807
11.92194
11.9158
11.90967
11.90353
11.89739
11.89126
11.89126
11.89126
11.88512
11.88512
11.88512
11.88512
11.88512
11.88512
11.88512
11.88512
11.88512
11.88512
11.88512
11.88512
11.88512
11.88512
11.88512
11.88512
11.88512
11.88512
11.88512
11.88512
11.88512
11.88512
11.88512
11.88512
11.88512
11.88512
11.88512
11.88512
11.88512
11.88512
11.88512
11.88512
11.88512
11.88512
11.88512
11.88512
11.88512
11.88512
11.88512
11.88512
11.88512
11.88512
11.88512
11.88512
11.88512
11.88512
11.88512
11.88512
11.88512
11.88512
11.88512
11.88512
11.88512
11.88512
11.88512
11.88512
11.88512
11.88512
11.88512
11.88512
11.88512
11.88512
11.88512
11.88512
11.88512
11.88512
11.88512
11.88512
11.88512
11.88512
11.88512
11.88512
11.88512
11.88512
11.88512
11.88512
11.88512
11.88512
11.88512
11.88512
11.88512
11.88512
11.88512
11.88512
11.88512
11.88512
11.88512
11.88512
11.88512
11.88512
11.88512
11.88512
11.88512
11.88512
11.88512
11.88512
11.88512
11.88512
11.88512
11.88512
11.88512
11.88512
11.88512
11.88512
11.88512
11.88512
11.88512
11.88512
11.88512
11.88512
11.88512
11.88512
11.88512
11.88512
11.88512
11.88512
11.88512
11.88512
11.88512
11.88512
11.88512
11.88512
11.88512
11.88512
11.88512
11.88512
11.88512
11.88512
11.88512
11.88512
11.88512
11.88512
11.88512
11.88512
11.88512
11.88512
11.88512
11.88512
11.88512
11.88512
11.88512
11.88512
11.88512
11.88512
11.88512
11.88512
11.88512
11.88512
11.88512
11.88512
11.88512
11.88512
11.88512
11.88512
11.88512
11.88512
11.88512
11.88512
11.88512
11.88512
11.88512
11.88512
11.88512
11.88512
11.88512
11.88512
11.88512
11.88512
11.88512
11.88512
11.88512
11.88512
11.88512
11.88512
11.88512
11.88512
11.88512
11.88512
11.88512
11.88512
11.88512
11.88512
11.88512
11.88512
11.88512
11.88512
11.88512
11.88512
11.88512
11.88512
11.88512
11.88512
11.88512
11.88512
11.88512
11.88512
11.88512
11.88512
11.88512
11.88512
11.88512
11.88512
11.88512
11.88512
11.88512
11.88512
11.88512
11.88512
11.88512
11.88512
11.88512
11.88512
11.88512
11.88512
11.88512
11.88512
11.88512
11.88512
11.88512
11.88512
11.88512
11.88512
11.88512
11.88512
11.88512
11.88512
11.88512
11.88512
11.88512
11.88512
11.88512
11.88512
11.88512
11.88512
11.88512
11.88512
11.88512
11.88512
11.88512
11.88512
11.88512
11.88512
11.88512
11.88512
11.88512
11.88512
11.88512
11.88512
11.88512
11.88512
11.88512
11.88512
11.88512
11.88512
11.88512
11.88512
11.88512
11.88512
11.88512
11.88512
11.88512
11.88512
11.88512
11.88512
11.88512
11.88512
11.89126
11.90967
11.93421
11.95875
11.98943
12.02625
12.06306
12.10601
12.14896
12.19805
12.25327
12.30236
12.36372
12.42508
12.48643
12.55393
12.62142
12.69505
12.76868
12.84845
12.92822
13.01412
13.10002
13.18592
13.27796
13.37
13.46817
13.56634
13.66452
13.76882
13.87313
13.98358
14.08789
14.20447
14.31491
14.4315
14.54808
14.66466
14.78737
14.91009
15.03281
15.16166
15.29051
15.41937
15.55435
15.68934
15.83047
15.96546
16.10658
16.2477
16.39496
16.54222
16.68949
16.84288
16.99628
17.14967
17.30307
17.4626
17.62213
17.78166
17.92279
18.08232
18.24185
18.40138
18.56091
18.72045
18.88612
19.04565
19.20518
19.37085
19.53038
19.69605
19.85558
20.02125
20.18691
20.34645
20.51211
20.67778
20.83731
21.00298
21.16865
21.33432
21.49998
21.66565
21.83132
21.99699
22.16265
22.33446
22.50013
22.67193
22.84373
23.0094
23.1812
23.35301
23.52481
23.69661
23.86842
24.04022
24.21202
24.38383
24.55563
24.72743
24.8931
25.06491
25.23057
25.40238
25.56804
25.73371
25.89938
26.05891
26.22458
26.38411
26.54978
26.70931
26.86884
27.02224
27.18177
27.33517
27.4947
27.64809
27.80149
27.95489
28.10828
28.26168
28.41508
28.56234
28.71573
28.86299
29.01025
29.16365
29.31091
29.45817
29.60543
29.74655
29.88768
30.03494
30.17606
30.31718
30.45217
30.5933
30.72829
30.86328
30.99213
31.12098
31.25597
31.37868
31.50754
31.63025
31.75297
31.86955
31.99227
32.10885
32.22543
32.33588
32.45246
32.55677
32.66721
32.77766
32.87583
32.98014
33.07831
33.17649
33.27466
33.37283
33.46487
33.55691
33.64281
33.73485
33.82075
33.90665
33.98642
34.07232
34.15208
34.23185
34.30548
34.37911
34.45888
34.52637
34.6
34.6675
34.73499
34.80248
34.86384
34.9252
34.98656
35.04792
35.10314
35.1645
35.21358
35.26881
35.32403
35.37312
35.4222
35.47129
35.51424
35.55719
35.60014
35.64309
35.68605
35.72286
35.75967
35.79649
35.83331
35.86398
35.9008
35.93148
35.95602
35.9867
36.01125
36.03579
36.06033
36.08487
36.10328
36.12783
36.14623
36.1585
36.17691
36.18918
36.20759
36.21986
36.226
36.23827
36.24441
36.25054
36.25668
36.26281
36.26281
36.26895
36.26895
36.26895
36.26895
36.26281
36.26281
36.26281
36.26281
36.26281
36.26281
36.26281
36.26281
36.26281
36.26281
36.26281
36.26281
36.26281
36.26281
36.26281
36.26281
36.25668
36.25668
36.25668
36.25054
36.25054
36.25054
36.24441
36.24441
36.24441
36.24441
36.24441
36.24441
36.24441
36.24441
36.24441
36.24441
36.24441
36.24441
36.24441
36.24441
36.24441
36.24441
36.24441
36.24441
36.24441
36.24441
36.24441
36.24441
36.24441
36.24441
36.24441
36.24441
36.24441
36.24441
36.24441
36.24441
36.24441
36.24441
36.24441
36.24441
36.24441
36.24441
36.24441
36.24441
36.24441
36.24441
36.24441
36.24441
36.24441
36.24441
36.24441
36.24441
36.24441
36.24441
36.24441
36.24441
36.24441
36.24441
36.24441
36.24441
36.24441
36.24441
36.24441
36.24441
36.24441
36.24441
36.24441
36.24441
36.24441
36.24441
36.24441
36.24441
36.24441
36.24441
36.24441
36.24441
36.24441
36.24441
36.24441
36.24441
36.24441
36.24441
36.24441
36.24441
36.24441
36.24441
36.24441
36.24441
36.24441
36.24441
36.24441
36.24441
36.24441
36.24441
36.24441
36.24441
36.24441
36.24441
36.24441
36.24441
36.24441
36.24441
36.24441
36.24441
36.24441
36.24441
36.24441
36.24441
36.24441
36.24441
36.24441
36.24441
36.24441
36.24441
36.24441
36.24441
36.24441
36.24441
36.24441
36.24441
36.24441
36.24441
36.24441
36.24441
36.24441
36.24441
36.24441
36.24441
36.24441
36.24441
36.24441
36.24441
36.24441
36.24441
36.24441
36.24441
36.24441
36.24441
36.24441
36.24441
36.24441
36.24441
36.24441
36.24441
36.24441
36.24441
36.24441
36.24441
36.24441
36.24441
36.24441
36.24441
36.24441
36.24441
36.24441
36.24441
36.24441
36.24441
36.24441
36.24441
36.24441
36.24441
36.24441
36.24441
36.24441
36.24441
36.24441
36.24441
36.24441
36.24441
36.24441
36.24441
36.24441
36.24441
36.24441
36.24441
36.24441
36.24441
36.24441
36.24441
36.24441
36.24441
36.24441
36.24441
36.24441
36.24441
36.24441
36.24441
36.24441
36.24441
36.24441
36.24441
36.24441
36.24441
36.24441
36.24441
36.24441
36.24441
36.24441
36.24441
36.24441
36.24441
36.24441
36.24441
36.24441
36.24441
36.24441
36.24441
36.24441
36.24441
36.24441
36.24441
36.24441
36.24441
36.24441
36.24441
36.24441
36.24441
36.24441
36.24441
36.24441
36.24441
36.24441
36.24441
36.24441
36.24441
36.24441
36.24441
36.24441
36.24441
36.24441
36.24441
36.24441
36.24441
36.24441
36.24441
36.24441
36.24441
36.24441
36.24441
36.24441
36.24441
36.24441
36.24441
36.24441
36.24441
36.24441
36.24441
36.24441
36.24441
36.24441
36.23827
36.226
36.21373
36.19532
36.17078
36.14623
36.11555
36.08487
36.04806
36.00511
35.96216
35.91307
35.86398
35.80876
35.75354
35.69218
35.63082
35.56333
35.49583
35.42834
35.35471
35.28108
35.20131
35.12155
35.03564
34.94975
34.86384
34.7718
34.67977
34.58159
34.48956
34.38525
34.28708
34.18277
34.07232
33.96188
33.85143
33.74099
33.6244
33.50782
33.39124
33.26852
33.14581
33.01696
32.8881
32.75925
32.6304
32.49541
32.36042
32.22543
32.08431
31.94318
31.80206
31.6548
31.50754
31.36028
31.20688
31.05349
30.90009
30.74669
30.5933
30.43377
30.28651
30.13311
29.97358
29.81405
29.65451
29.49498
29.32932
29.16978
29.01025
28.84458
28.68505
28.52552
28.35985
28.20032
28.03465
27.87512
27.70945
27.54992
27.38425
27.21859
27.05292
26.88725
26.72158
26.55592
26.39025
26.22458
26.05278
25.88711
25.71531
25.54964
25.37783
25.20603
25.04036
24.86856
24.69676
24.52495
24.35929
24.18748
24.01568
23.84387
23.67207
23.5064
23.3346
23.16893
23.00326
22.8376
22.67193
22.50626
22.34673
22.1872
22.02767
21.86813
21.7086
21.54907
21.39567
21.23614
21.08275
20.92935
20.77595
20.62256
20.4753
20.3219
20.16851
20.02125
19.87399
19.72059
19.57333
19.42607
19.27881
19.13155
18.99043
18.84316
18.70204
18.56091
18.41366
18.27253
18.13754
17.99642
17.8553
17.72031
17.58532
17.45033
17.31534
17.18035
17.0515
16.92265
16.79379
16.67108
16.54836
16.42564
16.30293
16.18635
16.06363
15.95318
15.8366
15.72616
15.61571
15.50527
15.40096
15.29665
15.19234
15.09417
14.98986
14.89782
14.79965
14.70761
14.61557
14.52353
14.4315
14.34559
14.25969
14.17993
14.09402
14.01426
13.93449
13.85473
13.77496
13.70133
13.6277
13.56021
13.48658
13.41908
13.35159
13.29023
13.22274
13.16138
13.10615
13.0448
12.98957
12.93435
12.88526
12.83004
12.78095
12.73187
12.68278
12.63983
12.59688
12.55393
12.51098
12.46803
12.43121
12.3944
12.35758
12.3269
12.29009
12.25941
12.22873
12.19805
12.17351
12.14283
12.11828
12.09374
12.0692
12.04465
12.02011
12.0017
11.9833
11.96489
11.94648
11.92807
11.9158
11.89739
11.88512
11.87285
11.86058
11.84831
11.83604
11.8299
11.82376
11.81149
11.80536
11.79922
11.79308
11.79308
11.78695
11.78695
11.78081
11.78081
11.78081
11.78081
11.78081
11.78081
11.78081
11.78081
11.78081
11.78081
11.78081
11.78081
11.78081
11.78081
11.78081
11.78081
11.78081
11.78081
11.78081
11.78081
11.78081
11.78081
11.78081
11.78081
11.78081
11.78081
11.78081
11.78081
11.78081
11.78081
11.78081
11.78081
11.78081
11.78081
11.78081
11.78081
11.78081
11.78081
11.78081
11.78081
11.78081
11.78081
11.78081
11.78081
11.78081
11.78081
11.78081
11.78081
11.78081
11.78081
11.78081
11.78081
11.78081
11.78081
11.78081
11.78081
11.78081
11.78081
11.78081
11.78081
11.78081
11.78081
11.78081
11.78081
11.78081
11.78081
11.78081
11.78081
11.78081
11.78081
11.78081
11.78081
11.78081
11.78081
11.78081
11.78081
11.78081
11.78081
11.78081
11.78081
11.78081
11.78081
11.78081
11.78081
11.78081
11.78081
11.78081
11.78081
11.78081
11.78081
11.78081
11.78081
11.78081
11.78081
11.78081
11.78081
11.78081
11.78081
11.78081
11.78081
11.78081
11.78081
11.78081
11.78081
11.78081
11.78081
11.78081
11.78081
11.78081
11.78081
11.78081
11.78081
11.78081
11.78081
11.78081
11.78081
11.78081
11.78081
11.78081
11.78081
11.78081
11.78081
11.78081
11.78081
11.78081
11.78081
11.78081
11.78081
11.78081
11.78081
11.78081
11.78081
11.78081
11.78081
11.78081
11.78081
11.78081
11.78081
11.78081
11.78081
11.78081
11.78081
11.78081
11.78081
11.78081
11.78081
11.78081
11.78081
11.78081
11.78081
11.78081
11.78081
11.78081
11.78081
11.78081
11.78081
11.78081
11.78081
11.78081
11.78081
11.78081
11.78081
11.78081
11.78081
11.78081
11.78081
11.78081
11.78081
11.78081
11.78081
11.78081
11.78081
11.78081
11.78081
11.78081
11.78081
11.78081
11.78081
11.78081
11.78081
11.78081
11.78081
11.78081
11.78081
11.78081
11.78081
11.78081
11.78081
11.78081
11.78081
11.78081
11.78081
11.78081
11.78081
11.78081
11.78081
11.78081
11.78081
11.78081
11.78081
11.78081
11.78081
11.78081
11.78081
11.78081
11.78081
11.78081
11.78081
11.78081
11.78081
11.78081
11.78081
11.78081
11.78081
11.78081
11.78081
11.78081
11.78081
11.78081
11.78081
11.78081
11.78081
11.78081
11.78081
11.78081
11.78081
11.78081
11.78081
11.78081
11.78081
11.78081
11.78081
11.78081
11.78081
11.78081
11.78081
11.78081
11.78081
11.78081
11.78081
11.78081
11.78081
11.78081
11.78081
11.78081
11.78081
11.78081
11.78081
11.78081
11.78081
11.78081
11.78081
11.78081
11.78081
11.78081
11.78081
11.78081
11.78081
11.78081
11.78081
11.78081
11.78081
11.78081
11.78081
11.78081
11.78695
11.80536
11.8299
11.85444
11.88512
11.9158
11.95262
11.99557
12.03852
12.0876
12.13669
12.19191
12.25327
12.31463
12.37599
12.44348
12.51098
12.58461
12.65824
12.738
12.81777
12.90367
12.98957
13.08161
13.16751
13.26569
13.35772
13.46203
13.56021
13.66452
13.76882
13.87927
13.98358
14.10016
14.21061
14.32719
14.44377
14.56648
14.68307
14.80578
14.93463
15.05735
15.19234
15.32119
15.45618
15.59117
15.72616
15.86728
16.00841
16.14953
16.29679
16.44405
16.59745
16.74471
16.8981
17.0515
17.21103
17.37056
17.53009
17.68963
17.83075
17.99028
18.14981
18.30935
18.46888
18.62841
18.79408
18.95361
19.11928
19.27881
19.44448
19.60401
19.76968
19.92921
20.09488
20.26054
20.42007
20.58574
20.75141
20.91708
21.07661
21.24228
21.40795
21.57361
21.73928
21.90495
22.07062
22.23628
22.40809
22.57376
22.74556
22.91123
23.08303
23.25483
23.42664
23.59844
23.76411
23.93591
24.10772
24.27952
24.45132
24.61699
24.78879
24.9606
25.12626
25.29193
25.4576
25.62327
25.78893
25.9546
26.11414
26.2798
26.43933
26.59887
26.7584
26.91793
27.07133
27.23086
27.38425
27.53765
27.69105
27.84444
27.99784
28.15123
28.30463
28.45189
28.60529
28.75255
28.89981
29.04707
29.19433
29.34159
29.48885
29.63611
29.77723
29.91836
30.05948
30.2006
30.34173
30.47672
30.61784
30.75283
30.88168
31.01667
31.14552
31.26824
31.39709
31.51981
31.64253
31.76524
31.88182
32.00454
32.12112
32.23157
32.34815
32.4586
32.56904
32.67335
32.77766
32.88197
32.98627
33.08445
33.18262
33.2808
33.37283
33.46487
33.55691
33.64894
33.73485
33.82075
33.90665
33.98642
34.06618
34.15208
34.22572
34.30548
34.37911
34.45274
34.52637
34.59386
34.6675
34.73499
34.79635
34.86384
34.9252
34.98656
35.04178
35.10314
35.15836
35.20745
35.26267
35.31789
35.36698
35.41607
35.45902
35.50811
35.55106
35.59401
35.63696
35.67377
35.71672
35.75354
35.79036
35.82103
35.85785
35.88853
35.91921
35.94989
35.97443
36.00511
36.02965
36.0542
36.0726
36.09715
36.11555
36.13396
36.15237
36.16464
36.18305
36.19532
36.20759
36.21986
36.226
36.23214
36.23827
36.24441
36.25054
36.25054
36.25668
36.25668
36.25668
36.25668
36.25054
36.25054
36.25054
36.25054
36.25054
36.25054
36.25054
36.25054
36.25054
36.25054
36.25054
36.25054
36.25054
36.25054
36.25054
36.25054
36.24441
36.24441
36.24441
36.24441
36.23827
36.23827
36.23827
36.23827
36.23214
36.23214
36.23214
36.23214
36.23214
36.23214
36.23214
36.23214
36.23214
36.23214
36.23214
36.23214
36.23214
36.23214
36.23214
36.23214
36.23214
36.23214
36.23214
36.23214
36.23214
36.23214
36.23214
36.23214
36.23214
36.23214
36.23214
36.23214
36.23214
36.23214
36.23214
36.23214
36.23214
36.23214
36.23214
36.23214
36.23214
36.23214
36.23214
36.23214
36.23214
36.23214
36.23214
36.23214
36.23214
36.23214
36.23214
36.23214
36.23214
36.23214
36.23214
36.23214
36.23214
36.23214
36.23214
36.23214
36.23214
36.23214
36.23214
36.23214
36.23214
36.23214
36.23214
36.23214
36.23214
36.23214
36.23214
36.23214
36.23214
36.23214
36.23214
36.23214
36.23214
36.23214
36.23214
36.23214
36.23214
36.23214
36.23214
36.23214
36.23214
36.23214
36.23214
36.23214
36.23214
36.23214
36.23214
36.23214
36.23214
36.23214
36.23214
36.23214
36.23214
36.23214
36.23214
36.23214
36.23214
36.23214
36.23214
36.23214
36.23214
36.23214
36.23214
36.23214
36.23214
36.23214
36.23214
36.23214
36.23214
36.23214
36.23214
36.23214
36.23214
36.23214
36.23214
36.23214
36.23214
36.23214
36.23214
36.23214
36.23214
36.23214
36.23214
36.23214
36.23214
36.23214
36.23214
36.23214
36.23214
36.23214
36.23214
36.23214
36.23214
36.23214
36.23214
36.23214
36.23214
36.23214
36.23214
36.23214
36.23214
36.23214
36.23214
36.23214
36.23214
36.23214
36.23214
36.23214
36.23214
36.23214
36.23214
36.23214
36.23214
36.23214
36.23214
36.23214
36.23214
36.23214
36.23214
36.23214
36.23214
36.23214
36.23214
36.23214
36.23214
36.23214
36.23214
36.23214
36.23214
36.23214
36.23214
36.23214
36.23214
36.23214
36.23214
36.23214
36.23214
36.23214
36.23214
36.23214
36.23214
36.23214
36.23214
36.23214
36.23214
36.23214
36.23214
36.23214
36.23214
36.23214
36.23214
36.23214
36.23214
36.23214
36.23214
36.23214
36.23214
36.23214
36.23214
36.23214
36.23214
36.23214
36.23214
36.23214
36.23214
36.23214
36.23214
36.23214
36.23214
36.23214
36.23214
36.23214
36.23214
36.23214
36.23214
36.23214
36.23214
36.23214
36.23214
36.23214
36.23214
36.23214
36.23214
36.23214
36.23214
36.23214
36.23214
36.23214
36.23214
36.23214
36.23214
36.23214
36.23214
36.23214
0.0
0.1007271
18.0
6.0
6.0
6.0
6.0
5.993864
5.987728
5.981593
5.972389
5.963185
5.953981
5.944777
5.935574
5.923302
5.91103
5.898758
5.886487
5.874215
5.861944
5.846604
5.831264
5.818993
5.800585
5.785245
5.769906
5.751499
5.733091
5.714684
5.696276
5.677868
5.656393
5.637985
5.61651
5.595035
5.573559
5.552083
5.530608
5.509133
5.48459
5.460046
5.435503
5.410959
5.386416
5.361873
5.337329
5.312786
5.285175
5.260631
5.23302
5.208477
5.180865
5.153254
5.125643
5.098032
5.07042
5.042809
5.01213
4.984519
4.953839
4.92316
4.895549
4.86487
4.83419
4.803511
4.772832
4.745221
4.714541
4.683862
4.653183
4.622504
4.591825
4.558078
4.527398
4.496719
4.46604
4.432293
4.401614
4.367867
4.337187
4.30344
4.272761
4.239014
4.208335
4.174588
4.140841
4.107093
4.073346
4.039599
4.00892
3.975173
3.941426
3.904611
3.870863
3.840184
3.806437
3.77269
3.738943
3.705196
3.674517
3.640769
3.607023
3.576343
3.542596
3.511917
3.47817
3.447491
3.416811
3.383064
3.352385
3.321706
3.291027
3.260347
3.229668
3.198989
3.16831
3.137631
3.106951
3.07934
3.048661
3.017982
2.990371
2.959691
2.929012
2.901401
2.87379
2.84311
2.815499
2.787888
2.760277
2.732665
2.708122
2.680511
2.655967
2.628356
2.603813
2.579269
2.554726
2.530183
2.505639
2.481096
2.456553
2.435077
2.410534
2.389058
2.367583
2.346107
2.324632
2.303156
2.281681
2.260206
2.241798
2.220323
2.201915
2.18044
2.162032
2.143625
2.125217
2.109877
2.09147
2.073062
2.057723
2.039315
2.023976
2.008636
1.993297
1.977957
1.962617
1.950346
1.935006
1.922734
1.910463
1.898191
1.888987
1.876716
1.867512
1.858308
1.849104
1.842968
1.833765
1.827629
1.821493
1.815357
1.809221
1.806153
1.800017
1.796949
1.790814
1.787746
1.784678
1.784678
1.78161
1.778542
1.778542
1.778542
1.778542
1.778542
1.778542
1.778542
1.778542
1.778542
1.778542
1.778542
1.778542
1.778542
1.778542
1.778542
1.778542
1.778542
1.778542
1.778542
1.778542
1.778542
1.778542
1.778542
1.778542
1.778542
1.778542
1.778542
1.778542
1.778542
1.778542
1.778542
1.778542
1.778542
1.778542
1.778542
1.778542
1.778542
1.778542
1.778542
1.778542
1.778542
1.778542
1.778542
1.778542
1.778542
1.778542
1.778542
1.778542
1.778542
1.778542
1.778542
1.778542
1.778542
1.778542
1.778542
1.778542
1.778542
1.778542
1.778542
1.778542
1.778542
1.778542
1.778542
1.778542
1.778542
1.778542
1.778542
1.778542
1.778542
1.778542
1.778542
1.778542
1.778542
1.778542
1.778542
1.778542
1.778542
1.778542
1.778542
1.778542
1.778542
1.778542
1.778542
1.778542
1.778542
1.778542
1.778542
1.778542
1.778542
1.778542
1.778542
1.778542
1.778542
1.778542
1.778542
1.778542
1.778542
1.778542
1.778542
1.778542
1.778542
1.778542
1.778542
1.778542
1.778542
1.778542
1.778542
1.778542
1.778542
1.778542
1.778542
1.778542
1.778542
1.778542
1.778542
1.778542
1.778542
1.778542
1.778542
1.778542
1.778542
1.778542
1.778542
1.778542
1.778542
1.778542
1.778542
1.778542
1.778542
1.778542
1.778542
1.778542
1.778542
1.778542
1.778542
1.778542
1.778542
1.778542
1.778542
1.778542
1.778542
1.778542
1.778542
1.778542
1.778542
1.778542
1.778542
1.778542
1.778542
1.778542
1.778542
1.778542
1.778542
1.778542
1.778542
1.778542
1.778542
1.778542
1.778542
1.778542
1.778542
1.778542
1.778542
1.778542
1.778542
1.778542
1.778542
1.778542
1.778542
1.778542
1.778542
1.778542
1.778542
1.778542
1.778542
1.778542
1.778542
1.778542
1.778542
1.778542
1.778542
1.778542
1.778542
1.778542
1.778542
1.778542
1.778542
1.778542
1.778542
1.778542
1.778542
1.778542
1.778542
1.778542
1.778542
1.778542
1.778542
1.778542
1.778542
1.778542
1.778542
1.778542
1.778542
1.778542
1.778542
1.778542
1.778542
1.778542
1.778542
1.778542
1.778542
1.778542
1.778542
1.778542
1.778542
1.778542
1.778542
1.778542
1.778542
1.778542
1.778542
1.778542
1.778542
1.778542
1.778542
1.778542
1.778542
1.778542
1.778542
1.778542
1.778542
1.778542
1.778542
1.778542
1.778542
1.778542
1.778542
1.778542
1.778542
1.778542
1.778542
1.778542
1.778542
1.778542
1.778542
1.778542
1.778542
1.778542
1.778542
1.778542
1.778542
1.778542
1.778542
1.778542
1.778542
1.778542
1.778542
1.778542
1.778542
1.778542
1.778542
1.778542
1.778542
1.778542
1.778542
1.778542
1.778542
1.778542
1.778542
1.778542
1.778542
1.778542
1.778542
1.778542
1.778542
1.778542
1.778542
1.778542
1.778542
1.778542
1.778542
1.778542
1.778542
1.778542
1.778542
1.778542
1.778542
1.778542
1.778542
1.778542
1.778542
1.778542
1.778542
1.778542
1.778542
1.778542
1.778542
1.778542
1.778542
1.778542
1.778542
1.778542
1.778542
1.778542
1.778542
1.778542
1.778542
1.778542
1.778542
1.778542
1.778542
13.77854
13.77854
13.77854
13.77854
13.77241
13.76627
13.75707
13.74786
13.73559
13.72332
13.70798
13.68957
13.67117
13.65276
13.63128
13.60674
13.5822
13.55458
13.52697
13.49629
13.46561
13.43187
13.39812
13.36131
13.32449
13.28461
13.24472
13.20177
13.15882
13.1128
13.06678
13.02077
12.97168
12.92259
12.87044
12.81522
12.75999
12.70477
12.64955
12.59126
12.5299
12.46854
12.40718
12.34582
12.27833
12.2139
12.14948
12.08198
12.01142
11.94393
11.87336
11.79973
11.72917
11.65554
11.58191
11.50828
11.43158
11.35489
11.27819
11.20149
11.12479
11.04502
10.96833
10.88856
10.80573
10.72596
10.6462
10.56336
10.48053
10.39769
10.31486
10.22896
10.14306
10.05716
9.971253
9.882284
9.793314
9.704345
9.615375
9.526405
9.434367
9.34233
9.250292
9.158255
9.066217
8.974179
8.879074
8.787036
8.691931
8.599894
8.504787
8.41275
8.317644
8.225607
8.130502
8.038464
7.946426
7.854388
7.759283
7.667246
7.575208
7.480103
7.388064
7.296027
7.20399
7.108884
7.016847
6.921741
6.829703
6.734598
6.639492
6.544387
6.449282
6.354176
6.25907
6.163964
6.068859
5.973754
5.878648
5.786611
5.691505
5.596399
5.504362
5.409256
5.317219
5.225182
5.136211
5.044174
4.952136
4.863167
4.774197
4.688295
4.599325
4.513424
4.427522
4.34162
4.255718
4.169817
4.086983
4.001081
3.918247
3.835413
3.75258
3.669745
3.586912
3.504078
3.424313
3.341478
3.261712
3.181947
3.10218
3.022414
2.945717
2.865951
2.789252
2.712555
2.638925
2.565294
2.491665
2.418035
2.347472
2.273842
2.206347
2.135786
2.068292
2.000797
1.933304
1.868877
1.804451
1.743092
1.678665
1.617308
1.559017
1.500727
1.442436
1.384146
1.328922
1.273701
1.221546
1.166323
1.114168
1.065083
1.012926
0.9638405
0.914753
0.8687344
0.8196487
0.7736301
0.7306786
0.68466
0.6417084
0.5987587
0.5588741
0.5159245
0.4760418
0.4392262
0.3993435
0.3625278
0.3257122
0.2919655
0.2551517
0.2214031
0.1876564
0.1569767
0.1262989
0.0956192
0.0649395
0.03732872
0.006649017
0.02096176
0.04550552
0.0731163
0.09766006
0.1191349
0.1436787
0.1651535
0.1866302
0.2081051
0.2265129
0.2449207
0.2633286
0.2817345
0.2970753
0.3154831
0.330822
0.3430939
0.3584328
0.3707047
0.3829765
0.3952484
0.4044514
0.4136562
0.4228592
0.4320641
0.441267
0.447403
0.4535389
0.4596748
0.4658108
0.4719467
0.4750137
0.4780827
0.4811497
0.4842186
0.4842186
0.4872856
0.4872856
0.4872856
0.4872856
0.4872856
0.4872856
0.4872856
0.4872856
0.4872856
0.4872856
0.4872856
0.4872856
0.4872856
0.4872856
0.4872856
0.4872856
0.4872856
0.4872856
0.4842186
0.4842186
0.4811497
0.4811497
0.4811497
0.4811497
0.4780827
0.4780827
0.4780827
0.4780827
0.4780827
0.4750137
0.4750137
0.4750137
0.4750137
0.4750137
0.4780827
0.4780827
0.4780827
0.4780827
0.4780827
0.4780827
0.4780827
0.4780827
0.4780827
0.4780827
0.4780827
0.4780827
0.4780827
0.4780827
0.4780827
0.4780827
0.4780827
0.4780827
0.4780827
0.4780827
0.4780827
0.4780827
0.4780827
0.4780827
0.4780827
0.4780827
0.4780827
0.4780827
0.4780827
0.4780827
0.4780827
0.4780827
0.4780827
0.4780827
0.4780827
0.4780827
0.4780827
0.4780827
0.4780827
0.4780827
0.4780827
0.4780827
0.4780827
0.4780827
0.4780827
0.4780827
0.4780827
0.4780827
0.4780827
0.4780827
0.4780827
0.4780827
0.4780827
0.4780827
0.4780827
0.4780827
0.4780827
0.4780827
0.4780827
0.4780827
0.4780827
0.4780827
0.4780827
0.4780827
0.4780827
0.4780827
0.4780827
0.4780827
0.4780827
0.4780827
0.4780827
0.4780827
0.4780827
0.4780827
0.4780827
0.4780827
0.4780827
0.4780827
0.4780827
0.4780827
0.4780827
0.4780827
0.4780827
0.4780827
0.4780827
0.4780827
0.4780827
0.4780827
0.4780827
0.4780827
0.4780827
0.4780827
0.4780827
0.4780827
0.4780827
0.4780827
0.4780827
0.4780827
0.4780827
0.4780827
0.4780827
0.4780827
0.4780827
0.4780827
0.4780827
0.4780827
0.4780827
0.4780827
0.4780827
0.4780827
0.4780827
0.4780827
0.4780827
0.4780827
0.4780827
0.4780827
0.4780827
0.4780827
0.4780827
0.4780827
0.4780827
0.4780827
0.4780827
0.4780827
0.4780827
0.4780827
0.4780827
0.4780827
0.4780827
0.4780827
0.4780827
0.4780827
0.4780827
0.4780827
0.4780827
0.4780827
0.4780827
0.4780827
0.4780827
0.4780827
0.4780827
0.4780827
0.4780827
0.4780827
0.4780827
0.4780827
0.4780827
0.4780827
0.4780827
0.4780827
0.4780827
0.4780827
0.4780827
0.4780827
0.4780827
0.4780827
0.4780827
0.4780827
0.4780827
0.4780827
0.4780827
0.4780827
0.4780827
0.4780827
0.4780827
0.4780827
0.4780827
0.4780827
0.4780827
0.4780827
0.4780827
0.4780827
0.4780827
0.4780827
0.4780827
0.4780827
0.4780827
0.4780827
0.4780827
0.4780827
0.4780827
0.4780827
0.4780827
0.4780827
0.4780827
0.4780827
0.4780827
0.4780827
0.4780827
0.4780827
0.4780827
0.4780827
0.4780827
0.4780827
0.4780827
0.4780827
0.4780827
0.4780827
0.4780827
0.4780827
0.4780827
0.4780827
0.4780827
0.4780827
0.4780827
0.4780827
0.4780827
0.4780827
0.4780827
0.4780827
0.4780827
0.4780827
0.4780827
0.4780827
0.4780827
0.4780827
0.4780827
0.4780827
0.4780827
0.4780827
0.4780827
12.47808
12.47808
12.47808
12.47501
12.46888
12.46274
12.45354
12.44127
12.42593
12.41059
12.39218
12.3707
12.34923
12.32469
12.30014
12.27253
12.24185
12.21117
12.17743
12.14368
12.10686
12.06698
12.0271
11.98722
11.94426
11.90131
11.8553
11.80927
11.76326
11.71417
11.66202
11.61293
11.56077
11.50862
11.4534
11.39817
11.33988
11.28466
11.22637
11.16501
11.10365
11.0423
10.98094
10.91651
10.85209
10.78459
10.7171
10.6496
10.58211
10.51155
10.44098
10.37042
10.29679
10.22316
10.14953
10.07283
9.996135
9.919436
9.842739
9.762973
9.683207
9.603441
9.520607
9.450045
9.367211
9.287445
9.204612
9.121778
9.038943
8.95611
8.870208
8.784307
8.701472
8.615571
8.532737
8.446836
8.364001
8.2781
8.192198
8.109364
8.023462
7.93756
7.851659
7.765757
7.682923
7.597021
7.51112
7.425218
7.339316
7.253414
7.164445
7.078543
6.992641
6.903671
6.81777
6.7288
6.642899
6.553928
6.468027
6.379057
6.290088
6.201118
6.115216
6.026246
5.937277
5.851375
5.762405
5.676503
5.587534
5.5047
5.418798
5.332896
5.250063
5.167229
5.084394
5.001561
4.918727
4.835894
4.756127
4.673294
4.596596
4.516829
4.437064
4.360366
4.2806
4.203902
4.127204
4.047438
3.97074
3.894042
3.817344
3.740646
3.667016
3.590318
3.516687
3.443058
3.369428
3.295797
3.222167
3.148538
3.077975
3.007413
2.936851
2.863221
2.795727
2.725164
2.654602
2.587108
2.522682
2.455188
2.390761
2.326335
2.261909
2.197482
2.136124
2.074765
2.016475
1.955117
1.896826
1.838536
1.783313
1.72809
1.672868
1.617645
1.565491
1.513336
1.464249
1.412095
1.363008
1.316989
1.267902
1.221884
1.175865
1.129846
1.086895
1.040876
0.9979253
0.9580426
0.9150915
0.8752089
0.8353257
0.7954426
0.7586279
0.7218127
0.6849976
0.6512504
0.6144357
0.5806885
0.5500093
0.5162621
0.4855828
0.4579716
0.4272923
0.3996811
0.3720698
0.3444586
0.3168473
0.292304
0.2677608
0.243217
0.2186737
0.1971984
0.1757231
0.1542473
0.132772
0.1112967
0.09288931
0.07448149
0.05607414
0.03766632
0.02232695
0.003919601
0.01142025
0.02675962
0.03903151
0.05437088
0.06664276
0.07891464
0.09118605
0.1034579
0.1157293
0.1280012
0.1372051
0.1464086
0.1586804
0.1678839
0.1740198
0.1832237
0.1924276
0.1985631
0.204699
0.213903
0.2169709
0.2231069
0.2292423
0.2323103
0.2384462
0.2415142
0.2445822
0.2476501
0.2476501
0.2507181
0.2507181
0.2537861
0.2537861
0.2537861
0.2537861
0.2537861
0.2537861
0.2507181
0.2507181
0.2507181
0.2507181
0.2507181
0.2507181
0.2507181
0.2507181
0.2507181
0.2507181
0.2507181
0.2507181
0.2507181
0.2507181
0.2507181
0.2507181
0.2507181
0.2507181
0.2507181
0.2507181
0.2507181
0.2507181
0.2507181
0.2507181
0.2507181
0.2507181
0.2507181
0.2507181
0.2507181
0.2507181
0.2507181
0.2507181
0.2507181
0.2507181
0.2507181
0.2507181
0.2507181
0.2507181
0.2507181
0.2507181
0.2507181
0.2507181
0.2507181
0.2507181
0.2507181
0.2507181
0.2507181
0.2507181
0.2507181
0.2507181
0.2507181
0.2507181
0.2507181
0.2507181
0.2507181
0.2507181
0.2507181
0.2507181
0.2507181
0.2507181
0.2507181
0.2507181
0.2507181
0.2507181
0.2507181
0.2507181
0.2507181
0.2507181
0.2507181
0.2507181
0.2507181
0.2507181
0.2507181
0.2507181
0.2507181
0.2507181
0.2507181
0.2507181
0.2507181
0.2507181
0.2507181
0.2507181
0.2507181
0.2507181
0.2507181
0.2507181
0.2507181
0.2507181
0.2507181
0.2507181
0.2507181
0.2507181
0.2507181
0.2507181
0.2507181
0.2507181
0.2507181
0.2507181
0.2507181
0.2507181
0.2507181
0.2507181
0.2507181
0.2507181
0.2507181
0.2507181
0.2507181
0.2507181
0.2507181
0.2507181
0.2507181
0.2507181
0.2507181
0.2507181
0.2507181
0.2507181
0.2507181
0.2507181
0.2507181
0.2507181
0.2507181
0.2507181
0.2507181
0.2507181
0.2507181
0.2507181
0.2507181
0.2507181
0.2507181
0.2507181
0.2507181
0.2507181
0.2507181
0.2507181
0.2507181
0.2507181
0.2507181
0.2507181
0.2507181
0.2507181
0.2507181
0.2507181
0.2507181
0.2507181
0.2507181
0.2507181
0.2507181
0.2507181
0.2507181
0.2507181
0.2507181
0.2507181
0.2507181
0.2507181
0.2507181
0.2507181
0.2507181
0.2507181
0.2507181
0.2507181
0.2507181
0.2507181
0.2507181
0.2507181
0.2507181
0.2507181
0.2507181
0.2507181
0.2507181
0.2507181
0.2507181
0.2507181
0.2507181
0.2507181
0.2507181
0.2507181
0.2507181
0.2507181
0.2507181
0.2507181
0.2507181
0.2507181
0.2507181
0.2507181
0.2507181
0.2507181
0.2507181
0.2507181
0.2507181
0.2507181
0.2507181
0.2507181
0.2507181
0.2507181
0.2507181
0.2507181
0.2507181
0.2507181
0.2507181
0.2507181
0.2507181
0.2507181
0.2507181
0.2507181
0.2507181
0.2507181
0.2507181
0.2507181
0.2507181
0.2507181
0.2507181
0.2507181
0.2507181
0.2507181
0.2507181
0.2507181
0.2507181
0.2507181
0.2507181
0.2507181
0.2507181
0.2507181
0.2507181
0.2507181
0.2507181
0.2507181
0.2507181
0.2507181
0.2507181
0.2507181
0.2507181
0.2507181
0.2507181
0.2507181
0.2507181
0.2507181
0.2507181
0.2507181
0.2507181
0.2507181
0.2507181
0.2507181
0.2507181
0.2507181
0.2507181
0.2507181
0.2507181
0.2507181
0.2507181
0.2507181
0.2507181
0.2507181
12.25072
12.25072
12.25072
12.25072
12.25072
12.24765
12.23845
12.22617
12.2139
12.19856
12.18322
12.16482
12.14334
12.12187
12.09732
12.07278
12.04517
12.01449
11.98381
11.95313
11.91938
11.88564
11.84882
11.80894
11.76905
11.72917
11.68622
11.64327
11.59725
11.55123
11.50521
11.45613
11.40704
11.35489
11.30273
11.24751
11.19229
11.13706
11.08184
11.02355
10.96526
10.9039
10.84254
10.78118
10.71676
10.6554
10.58791
10.52348
10.45598
10.38849
10.321
10.25043
10.17987
10.10931
10.03568
9.962049
9.888419
9.811722
9.735023
9.658325
9.57856
9.498794
9.419027
9.336194
9.265632
9.185866
9.103032
9.023266
8.940433
8.857598
8.774765
8.691931
8.609097
8.526263
8.443429
8.360596
8.274693
8.19186
8.109026
8.026192
7.94029
7.857456
7.774623
7.688721
7.605887
7.523053
7.437152
7.354318
7.268415
7.185582
7.09968
7.013779
6.930944
6.845043
6.759141
6.67324
6.58427
6.498368
6.409398
6.323497
6.237595
6.148625
6.062723
5.973754
5.887852
5.798882
5.71298
5.627079
5.541177
5.455276
5.369373
5.283472
5.200638
5.117804
5.031902
4.949068
4.866235
4.783401
4.703635
4.620801
4.541035
4.461269
4.381503
4.301737
4.225039
4.145273
4.068575
3.98881
3.912111
3.835413
3.758716
3.682017
3.608387
3.53169
3.458059
3.381361
3.307732
3.234101
3.160471
3.086841
3.016279
2.942649
2.872087
2.801524
2.730962
2.663468
2.595974
2.52848
2.460985
2.396559
2.332132
2.267706
2.20328
2.141922
2.080564
2.019205
1.960915
1.902624
1.841265
1.786043
1.73082
1.675598
1.620375
1.56822
1.516066
1.463911
1.411757
1.362669
1.313583
1.267565
1.221546
1.172459
1.129507
1.083488
1.040539
0.9975872
0.9546356
0.914753
0.8718033
0.8319206
0.795105
0.7552223
0.7184067
0.681591
0.6447773
0.6110287
0.577282
0.5435352
0.5128555
0.4791088
0.4484291
0.4177513
0.3901386
0.3625278
0.3318481
0.3073063
0.2796936
0.2551517
0.2275391
0.2060642
0.1815205
0.1600456
0.1355019
0.114027
0.0956192
0.07414436
0.05573654
0.03732872
0.0189209
0.003582001
0.0117588
0.0270977
0.0424366
0.0577774
0.07004929
0.08232117
0.09459114
0.106863
0.1160679
0.1252708
0.1344757
0.1436787
0.1498146
0.1590176
0.1651535
0.1682224
0.1743584
0.1774254
0.1804943
0.1835613
0.1866302
0.1866302
0.1866302
0.1866302
0.1866302
0.1866302
0.1866302
0.1866302
0.1866302
0.1866302
0.1866302
0.1866302
0.1866302
0.1866302
0.1866302
0.1866302
0.1866302
0.1866302
0.1866302
0.1866302
0.1835613
0.1835613
0.1835613
0.1804943
0.1804943
0.1804943
0.1774254
0.1774254
0.1774254
0.1774254
0.1774254
0.1774254
0.1743584
0.1743584
0.1774254
0.1774254
0.1774254
0.1774254
0.1774254
0.1774254
0.1774254
0.1774254
0.1774254
0.1774254
0.1774254
0.1774254
0.1774254
0.1774254
0.1774254
0.1774254
0.1774254
0.1774254
0.1774254
0.1774254
0.1774254
0.1774254
0.1774254
0.1774254
0.1774254
0.1774254
0.1774254
0.1774254
0.1774254
0.1774254
0.1774254
0.1774254
0.1774254
0.1774254
0.1774254
0.1774254
0.1774254
0.1774254
0.1774254
0.1774254
0.1774254
0.1774254
0.1774254
0.1774254
0.1774254
0.1774254
0.1774254
0.1774254
0.1774254
0.1774254
0.1774254
0.1774254
0.1774254
0.1774254
0.1774254
0.1774254
0.1774254
0.1774254
0.1774254
0.1774254
0.1774254
0.1774254
0.1774254
0.1774254
0.1774254
0.1774254
0.1774254
0.1774254
0.1774254
0.1774254
0.1774254
0.1774254
0.1774254
0.1774254
0.1774254
0.1774254
0.1774254
0.1774254
0.1774254
0.1774254
0.1774254
0.1774254
0.1774254
0.1774254
0.1774254
0.1774254
0.1774254
0.1774254
0.1774254
0.1774254
0.1774254
0.1774254
0.1774254
0.1774254
0.1774254
0.1774254
0.1774254
0.1774254
0.1774254
0.1774254
0.1774254
0.1774254
0.1774254
0.1774254
0.1774254
0.1774254
0.1774254
0.1774254
0.1774254
0.1774254
0.1774254
0.1774254
0.1774254
0.1774254
0.1774254
0.1774254
0.1774254
0.1774254
0.1774254
0.1774254
0.1774254
0.1774254
0.1774254
0.1774254
0.1774254
0.1774254
0.1774254
0.1774254
0.1774254
0.1774254
0.1774254
0.1774254
0.1774254
0.1774254
0.1774254
0.1774254
0.1774254
0.1774254
0.1774254
0.1774254
0.1774254
0.1774254
0.1774254
0.1774254
0.1774254
0.1774254
0.1774254
0.1774254
0.1774254
0.1774254
0.1774254
0.1774254
0.1774254
0.1774254
0.1774254
0.1774254
0.1774254
0.1774254
0.1774254
0.1774254
0.1774254
0.1774254
0.1774254
0.1774254
0.1774254
0.1774254
0.1774254
0.1774254
0.1774254
0.1774254
0.1774254
0.1774254
0.1774254
0.1774254
0.1774254
0.1774254
0.1774254
0.1774254
0.1774254
0.1774254
0.1774254
0.1774254
0.1774254
0.1774254
0.1774254
0.1774254
0.1774254
0.1774254
0.1774254
0.1774254
0.1774254
0.1774254
0.1774254
0.1774254
0.1774254
0.1774254
0.1774254
0.1774254
0.1774254
0.1774254
0.1774254
0.1774254
0.1774254
0.1774254
0.1774254
0.1774254
0.1774254
0.1774254
0.1774254
0.1774254
0.1774254
0.1774254
0.1774254
0.1774254
0.1774254
0.1774254
0.1774254
0.1774254
0.1774254
0.1774254
0.1774254
0.1774254
0.1774254
0.1774254
0.1774254
0.1774254
0.1774254
0.1774254
0.1774254
0.1774254
0.1774254
0.1774254
0.1774254
0.1774254
0.1774254
0.1774254
12.17743
12.17743
12.17743
12.17436
12.16822
12.15902
12.14981
12.14061
12.12527
12.10993
12.09152
12.07312
12.05164
12.03017
12.00562
11.97801
11.9504
11.91972
11.88904
11.85836
11.82462
11.7878
11.75098
11.71417
11.67429
11.6344
11.59145
11.5485
11.50555
11.45953
11.41351
11.36749
11.31841
11.26625
11.21717
11.16501
11.10979
11.05457
10.99934
10.94412
10.88583
10.82754
10.76618
10.70482
10.64347
10.58211
10.51768
10.45325
10.38576
10.32133
10.25384
10.18328
10.11578
10.04522
9.971591
9.90103
9.827399
9.753769
9.677072
9.600373
9.523675
9.446977
9.367211
9.290513
9.210748
9.137117
9.060419
8.980653
8.900887
8.821121
8.738288
8.658522
8.575687
8.495922
8.416156
8.333323
8.253556
8.170722
8.090957
8.008122
7.925289
7.845523
7.762689
7.679855
7.597021
7.514188
7.431354
7.34852
7.265686
7.182852
7.100019
7.014116
6.931283
6.848449
6.762547
6.676645
6.593812
6.50791
6.422008
6.336106
6.253272
6.167371
6.081469
5.995567
5.912733
5.826832
5.74093
5.658096
5.572194
5.489361
5.406527
5.32676
5.243927
5.164161
5.084394
5.004629
4.924863
4.845098
4.768399
4.688633
4.611936
4.535237
4.458539
4.381842
4.305143
4.231513
4.154815
4.081185
4.007555
3.933925
3.857227
3.783597
3.709967
3.639404
3.565775
3.495213
3.421582
3.35102
3.280457
3.209896
3.139334
3.071839
3.001277
2.933783
2.866289
2.798795
2.7313
2.663806
2.59938
2.534953
2.470527
2.406101
2.344743
2.283384
2.222026
2.163735
2.105445
2.047154
1.988863
1.933641
1.87535
1.823196
1.767973
1.715819
1.663664
1.611509
1.562423
1.513336
1.467317
1.418231
1.372212
1.326193
1.283242
1.237223
1.194273
1.151321
1.111439
1.068488
1.028605
0.9887218
0.9519067
0.9120235
0.8752089
0.8383937
0.8046465
0.7678313
0.7340841
0.7034054
0.6696582
0.638979
0.6082997
0.5806885
0.5500093
0.522398
0.4978547
0.4702435
0.4456997
0.4211564
0.3966131
0.3751378
0.3505945
0.3291187
0.3076434
0.2892361
0.2677608
0.2493529
0.2309456
0.2125378
0.1971984
0.1818585
0.1665192
0.1511798
0.1358399
0.1205006
0.1082287
0.0959568
0.0836854
0.07141352
0.06221008
0.0499382
0.04073429
0.03153086
0.02232695
0.01312304
0.006987095
0.002216339
0.00835228
0.01448822
0.02062416
0.02675962
0.02982759
0.03596354
0.03903151
0.04209948
0.04516745
0.04823542
0.05130339
0.05437088
0.05437088
0.05437088
0.05743885
0.05743885
0.05743885
0.05743885
0.05743885
0.05743885
0.05743885
0.05743885
0.05743885
0.05743885
0.05743885
0.05743885
0.05743885
0.05743885
0.05743885
0.05743885
0.05743885
0.05743885
0.05743885
0.05743885
0.05743885
0.05743885
0.05743885
0.05743885
0.05743885
0.05743885
0.05743885
0.05743885
0.05743885
0.05743885
0.05743885
0.05743885
0.05743885
0.05743885
0.05743885
0.05743885
0.05743885
0.05743885
0.05743885
0.05743885
0.05743885
0.05743885
0.05743885
0.05743885
0.05743885
0.05743885
0.05743885
0.05743885
0.05743885
0.05743885
0.05743885
0.05743885
0.05743885
0.05743885
0.05743885
0.05743885
0.05743885
0.05743885
0.05743885
0.05743885
0.05743885
0.05743885
0.05743885
0.05743885
0.05743885
0.05743885
0.05743885
0.05743885
0.05743885
0.05743885
0.05743885
0.05743885
0.05743885
0.05743885
0.05743885
0.05743885
0.05743885
0.05743885
0.05743885
0.05743885
0.05743885
0.05743885
0.05743885
0.05743885
0.05743885
0.05743885
0.05743885
0.05743885
0.05743885
0.05743885
0.05743885
0.05743885
0.05743885
0.05743885
0.05743885
0.05743885
0.05743885
0.05743885
0.05743885
0.05743885
0.05743885
0.05743885
0.05743885
0.05743885
0.05743885
0.05743885
0.05743885
0.05743885
0.05743885
0.05743885
0.05743885
0.05743885
0.05743885
0.05743885
0.05743885
0.05743885
0.05743885
0.05743885
0.05743885
0.05743885
0.05743885
0.05743885
0.05743885
0.05743885
0.05743885
0.05743885
0.05743885
0.05743885
0.05743885
0.05743885
0.05743885
0.05743885
0.05743885
0.05743885
0.05743885
0.05743885
0.05743885
0.05743885
0.05743885
0.05743885
0.05743885
0.05743885
0.05743885
0.05743885
0.05743885
0.05743885
0.05743885
0.05743885
0.05743885
0.05743885
0.05743885
0.05743885
0.05743885
0.05743885
0.05743885
0.05743885
0.05743885
0.05743885
0.05743885
0.05743885
0.05743885
0.05743885
0.05743885
0.05743885
0.05743885
0.05743885
0.05743885
0.05743885
0.05743885
0.05743885
0.05743885
0.05743885
0.05743885
0.05743885
0.05743885
0.05743885
0.05743885
0.05743885
0.05743885
0.05743885
0.05743885
0.05743885
0.05743885
0.05743885
0.05743885
0.05743885
0.05743885
0.05743885
0.05743885
0.05743885
0.05743885
0.05743885
0.05743885
0.05743885
0.05743885
0.05743885
0.05743885
0.05743885
0.05743885
0.05743885
0.05743885
0.05743885
0.05743885
0.05743885
0.05743885
0.05743885
0.05743885
0.05743885
0.05743885
0.05743885
0.05743885
0.05743885
0.05743885
0.05743885
0.05743885
0.05743885
0.05743885
0.05743885
0.05743885
0.05743885
0.05743885
0.05743885
0.05743885
0.05743885
0.05743885
0.05743885
0.05743885
0.05743885
0.05743885
0.05743885
0.05743885
0.05743885
0.05743885
0.05743885
0.05743885
0.05743885
0.05743885
0.05743885
0.05743885
0.05743885
0.05743885
0.05743885
0.05743885
0.05743885
0.05743885
0.05743885
0.05743885
0.05743885
0.05743885
0.05743885
0.05743885
0.05743885
0.05743885
0.05743885
0.05743885
0.05743885
0.05743885
0.05743885
0.05743885
0.05743885
0.05743885
12.05744
12.05744
12.05744
12.05744
12.05744
12.05437
12.04517
12.0329
12.02062
12.00528
11.98688
11.96847
11.94699
11.92552
11.90098
11.87336
11.84882
11.81814
11.78746
11.75678
11.72304
11.68929
11.65247
11.61566
11.57578
11.53589
11.49294
11.44999
11.40704
11.36102
11.315
11.26592
11.21683
11.16774
11.11559
11.06343
11.00821
10.95606
10.89777
10.84254
10.78425
10.72596
10.66767
10.60631
10.54495
10.4836
10.41917
10.35474
10.29032
10.22282
10.15533
10.08477
10.01727
9.94671
9.876148
9.802518
9.728888
9.655257
9.57856
9.501862
9.425163
9.348466
9.2687
9.188933
9.109168
9.038606
8.958839
8.879074
8.799308
8.719543
8.639776
8.556942
8.477177
8.39741
8.314576
8.234811
8.151977
8.072211
7.989377
7.906543
7.826777
7.743943
7.66111
7.581344
7.49851
7.415676
7.332842
7.250009
7.167174
7.084341
7.001507
6.918673
6.832771
6.749937
6.664036
6.578134
6.4953
6.409398
6.323497
6.237595
6.151693
6.065791
5.97989
5.893988
5.808086
5.722184
5.636283
5.553449
5.467546
5.384713
5.298811
5.215978
5.133143
5.05031
4.970544
4.88771
4.807944
4.72511
4.645345
4.565578
4.48888
4.409115
4.332417
4.25265
4.175953
4.099255
4.022556
3.945859
3.869161
3.792462
3.718832
3.642135
3.568504
3.494874
3.418177
3.344546
3.270916
3.197286
3.126724
3.056162
2.982532
2.911969
2.841408
2.773913
2.703351
2.635857
2.568362
2.503936
2.439509
2.372016
2.310658
2.246231
2.184873
2.123514
2.065224
2.003865
1.945574
1.887283
1.832062
1.773771
1.721617
1.666393
1.611172
1.562084
1.50993
1.460844
1.411757
1.362669
1.313583
1.267565
1.221546
1.178595
1.132576
1.089624
1.046675
1.006792
0.9638405
0.9239578
0.8840752
0.8472595
0.8104439
0.7705612
0.7368145
0.6999989
0.6662521
0.6325054
0.5987587
0.568079
0.5373993
0.5067196
0.4760418
0.4484291
0.4177513
0.3932076
0.3655968
0.3379841
0.3134422
0.2888985
0.2643547
0.2428799
0.2214031
0.1999283
0.1784534
0.1569767
0.1385708
0.120163
0.1017551
0.08334732
0.06800842
0.0496006
0.0342598
0.02198982
0.006649017
0.005622864
0.01789474
0.03016663
0.0424366
0.05164146
0.06391335
0.0731163
0.07925224
0.08845711
0.09459114
0.103796
0.1099319
0.112999
0.1191349
0.1222038
0.1252708
0.1283398
0.1314068
0.1314068
0.1344757
0.1344757
0.1344757
0.1344757
0.1314068
0.1314068
0.1314068
0.1314068
0.1314068
0.1314068
0.1314068
0.1314068
0.1314068
0.1314068
0.1314068
0.1314068
0.1314068
0.1314068
0.1314068
0.1314068
0.1283398
0.1283398
0.1283398
0.1252708
0.1252708
0.1252708
0.1222038
0.1222038
0.1222038
0.1222038
0.1222038
0.1222038
0.1222038
0.1222038
0.1222038
0.1222038
0.1222038
0.1222038
0.1222038
0.1222038
0.1222038
0.1222038
0.1222038
0.1222038
0.1222038
0.1222038
0.1222038
0.1222038
0.1222038
0.1222038
0.1222038
0.1222038
0.1222038
0.1222038
0.1222038
0.1222038
0.1222038
0.1222038
0.1222038
0.1222038
0.1222038
0.1222038
0.1222038
0.1222038
0.1222038
0.1222038
0.1222038
0.1222038
0.1222038
0.1222038
0.1222038
0.1222038
0.1222038
0.1222038
0.1222038
0.1222038
0.1222038
0.1222038
0.1222038
0.1222038
0.1222038
0.1222038
0.1222038
0.1222038
0.1222038
0.1222038
0.1222038
0.1222038
0.1222038
0.1222038
0.1222038
0.1222038
0.1222038
0.1222038
0.1222038
0.1222038
0.1222038
0.1222038
0.1222038
0.1222038
0.1222038
0.1222038
0.1222038
0.1222038
0.1222038
0.1222038
0.1222038
0.1222038
0.1222038
0.1222038
0.1222038
0.1222038
0.1222038
0.1222038
0.1222038
0.1222038
0.1222038
0.1222038
0.1222038
0.1222038
0.1222038
0.1222038
0.1222038
0.1222038
0.1222038
0.1222038
0.1222038
0.1222038
0.1222038
0.1222038
0.1222038
0.1222038
0.1222038
0.1222038
0.1222038
0.1222038
0.1222038
0.1222038
0.1222038
0.1222038
0.1222038
0.1222038
0.1222038
0.1222038
0.1222038
0.1222038
0.1222038
0.1222038
0.1222038
0.1222038
0.1222038
0.1222038
0.1222038
0.1222038
0.1222038
0.1222038
0.1222038
0.1222038
0.1222038
0.1222038
0.1222038
0.1222038
0.1222038
0.1222038
0.1222038
0.1222038
0.1222038
0.1222038
0.1222038
0.1222038
0.1222038
0.1222038
0.1222038
0.1222038
0.1222038
0.1222038
0.1222038
0.1222038
0.1222038
0.1222038
0.1222038
0.1222038
0.1222038
0.1222038
0.1222038
0.1222038
0.1222038
0.1222038
0.1222038
0.1222038
0.1222038
0.1222038
0.1222038
0.1222038
0.1222038
0.1222038
0.1222038
0.1222038
0.1222038
0.1222038
0.1222038
0.1222038
0.1222038
0.1222038
0.1222038
0.1222038
0.1222038
0.1222038
0.1222038
0.1222038
0.1222038
0.1222038
0.1222038
0.1222038
0.1222038
0.1222038
0.1222038
0.1222038
0.1222038
0.1222038
0.1222038
0.1222038
0.1222038
0.1222038
0.1222038
0.1222038
0.1222038
0.1222038
0.1222038
0.1222038
0.1222038
0.1222038
0.1222038
0.1222038
0.1222038
0.1222038
0.1222038
0.1222038
0.1222038
0.1222038
0.1222038
0.1222038
0.1222038
0.1222038
0.1222038
0.1222038
0.1222038
0.1222038
0.1222038
0.1222038
0.1222038
0.1222038
0.1222038
0.1222038
0.1222038
0.1222038
0.1222038
0.1222038
0.1222038
0.1222038
0.1222038
0.1222038
0.1222038
0.1222038
0.1222038
0.1222038
0.1222038
0.1222038
12.1222
12.1222
12.1222
12.11913
12.113
12.10686
12.09766
12.08539
12.07312
12.05778
12.04244
12.02403
12.00255
11.98108
11.95654
11.93199
11.90438
11.87677
11.84609
11.81541
11.78166
11.74792
11.71417
11.67735
11.64054
11.60066
11.56077
11.51782
11.47487
11.43192
11.3859
11.33988
11.2908
11.24478
11.19262
11.14354
11.09138
11.03616
10.98094
10.92571
10.87049
10.8122
10.75391
10.69562
10.63426
10.5729
10.50848
10.44405
10.37963
10.3152
10.2477
10.18021
10.11272
10.04215
9.971591
9.90103
9.827399
9.753769
9.680139
9.603441
9.526743
9.450045
9.373347
9.296649
9.216883
9.143253
9.066555
8.986789
8.907023
8.827257
8.747492
8.664658
8.584891
8.505126
8.422292
8.342525
8.26276
8.179926
8.100161
8.017326
7.93756
7.854727
7.774961
7.692127
7.609293
7.526459
7.443625
7.360791
7.277958
7.195124
7.11229
7.026388
6.943555
6.857653
6.774818
6.688917
6.603015
6.520182
6.434279
6.348378
6.262476
6.179643
6.09374
6.007839
5.921937
5.836036
5.753201
5.667299
5.584466
5.501632
5.418798
5.335964
5.253131
5.173365
5.093598
5.013833
4.934067
4.8543
4.774535
4.697837
4.618071
4.541373
4.464675
4.387977
4.311279
4.237649
4.160951
4.084253
4.010623
3.936993
3.860295
3.786665
3.713035
3.639404
3.565775
3.495213
3.421582
3.35102
3.280457
3.206828
3.136266
3.068771
2.998209
2.927648
2.860153
2.792659
2.725164
2.65767
2.590176
2.525749
2.461324
2.396897
2.335539
2.27418
2.212822
2.151464
2.093173
2.031815
1.976592
1.918302
1.863079
1.807857
1.752634
1.700479
1.648324
1.59617
1.547083
1.494928
1.44891
1.399823
1.353804
1.307786
1.261766
1.215748
1.172797
1.129846
1.089963
1.047012
1.007129
0.9672461
0.9273634
0.8874803
0.8506651
0.8138504
0.7801032
0.743288
0.7095408
0.6757936
0.6451149
0.6113677
0.5806885
0.5530772
0.522398
0.4947867
0.4671755
0.4426322
0.4150205
0.3904772
0.3659339
0.3413906
0.3199153
0.2984395
0.2769642
0.2554889
0.2340136
0.2156057
0.1971984
0.178791
0.1634512
0.1450438
0.129704
0.1143646
0.09902477
0.08675337
0.07141352
0.05914211
0.04687023
0.03459883
0.02232695
0.01005507
0.0008516312
0.00835228
0.01755619
0.02675962
0.03596354
0.04209948
0.05130339
0.05743885
0.06357479
0.06971073
0.07584667
0.08198214
0.08505011
0.08811808
0.09425402
0.09732199
0.10039
0.1034579
0.1034579
0.1065259
0.1065259
0.1095934
0.1095934
0.1095934
0.1095934
0.1095934
0.1095934
0.1095934
0.1095934
0.1095934
0.1095934
0.1095934
0.1095934
0.1095934
0.1095934
0.1095934
0.1095934
0.1095934
0.1095934
0.1095934
0.1095934
0.1095934
0.1095934
0.1095934
0.1095934
0.1095934
0.1095934
0.1095934
0.1095934
0.1095934
0.1095934
0.1095934
0.1095934
0.1095934
0.1095934
0.1095934
0.1095934
0.1095934
0.1095934
0.1095934
0.1095934
0.1095934
0.1095934
0.1095934
0.1095934
0.1095934
0.1095934
0.1095934
0.1095934
0.1095934
0.1095934
0.1095934
0.1095934
0.1095934
0.1095934
0.1095934
0.1095934
0.1095934
0.1095934
0.1095934
0.1095934
0.1095934
0.1095934
0.1095934
0.1095934
0.1095934
0.1095934
0.1095934
0.1095934
0.1095934
0.1095934
0.1095934
0.1095934
0.1095934
0.1095934
0.1095934
0.1095934
0.1095934
0.1095934
0.1095934
0.1095934
0.1095934
0.1095934
0.1095934
0.1095934
0.1095934
0.1095934
0.1095934
0.1095934
0.1095934
0.1095934
0.1095934
0.1095934
0.1095934
0.1095934
0.1095934
0.1095934
0.1095934
0.1095934
0.1095934
0.1095934
0.1095934
0.1095934
0.1095934
0.1095934
0.1095934
0.1095934
0.1095934
0.1095934
0.1095934
0.1095934
0.1095934
0.1095934
0.1095934
0.1095934
0.1095934
0.1095934
0.1095934
0.1095934
0.1095934
0.1095934
0.1095934
0.1095934
0.1095934
0.1095934
0.1095934
0.1095934
0.1095934
0.1095934
0.1095934
0.1095934
0.1095934
0.1095934
0.1095934
0.1095934
0.1095934
0.1095934
0.1095934
0.1095934
0.1095934
0.1095934
0.1095934
0.1095934
0.1095934
0.1095934
0.1095934
0.1095934
0.1095934
0.1095934
0.1095934
0.1095934
0.1095934
0.1095934
0.1095934
0.1095934
0.1095934
0.1095934
0.1095934
0.1095934
0.1095934
0.1095934
0.1095934
0.1095934
0.1095934
0.1095934
0.1095934
0.1095934
0.1095934
0.1095934
0.1095934
0.1095934
0.1095934
0.1095934
0.1095934
0.1095934
0.1095934
0.1095934
0.1095934
0.1095934
0.1095934
0.1095934
0.1095934
0.1095934
0.1095934
0.1095934
0.1095934
0.1095934
0.1095934
0.1095934
0.1095934
0.1095934
0.1095934
0.1095934
0.1095934
0.1095934
0.1095934
0.1095934
0.1095934
0.1095934
0.1095934
0.1095934
0.1095934
0.1095934
0.1095934
0.1095934
0.1095934
0.1095934
0.1095934
0.1095934
0.1095934
0.1095934
0.1095934
0.1095934
0.1095934
0.1095934
0.1095934
0.1095934
0.1095934
0.1095934
0.1095934
0.1095934
0.1095934
0.1095934
0.1095934
0.1095934
0.1095934
0.1095934
0.1095934
0.1095934
0.1095934
0.1095934
0.1095934
0.1095934
0.1095934
0.1095934
0.1095934
0.1095934
0.1095934
0.1095934
0.1095934
0.1095934
0.1095934
0.1095934
0.1095934
0.1095934
0.1095934
0.1095934
0.1095934
0.1095934
0.1095934
0.1095934
0.1095934
0.1095934
0.1095934
0.1095934
0.1095934
0.1095934
0.1095934
0.1095934
0.1095934
0.1095934
12.10959
12.10959
12.10959
12.10959
12.10959
12.10653
12.09732
12.08505
12.07278
12.05744
12.0421
12.02369
12.00222
11.98074
11.9562
11.93165
11.90404
11.87336
11.84268
11.81201
11.77826
11.74451
11.7077
11.67088
11.631
11.59111
11.54816
11.50521
11.45919
11.41624
11.36716
11.32114
11.26898
11.2199
11.16774
11.11559
11.06037
11.00821
10.94992
10.8947
10.83641
10.77812
10.71676
10.65847
10.59711
10.53268
10.47132
10.40383
10.3394
10.27191
10.20442
10.13692
10.06636
9.995797
9.925235
9.851604
9.777974
9.701277
9.627646
9.550948
9.474251
9.394485
9.314718
9.234953
9.155187
9.084624
9.004859
8.925093
8.845326
8.765561
8.685795
8.602962
8.523195
8.440361
8.360596
8.277761
8.197995
8.115162
8.035396
7.952562
7.869728
7.789963
7.707129
7.624294
7.541461
7.461695
7.378861
7.296027
7.213193
7.13036
7.047525
6.964692
6.881858
6.795957
6.713122
6.62722
6.544387
6.458485
6.372583
6.286681
6.20078
6.117946
6.032044
5.946142
5.860241
5.774339
5.691505
5.605603
5.519702
5.436868
5.354033
5.2712
5.188366
5.105533
5.022698
4.942932
4.860099
4.780333
4.700567
4.620801
4.541035
4.464337
4.384571
4.307873
4.231175
4.154477
4.077779
4.001081
3.924383
3.847685
3.774055
3.697357
3.623727
3.550097
3.476467
3.402837
3.329206
3.255576
3.181947
3.111384
3.040822
2.97026
2.899698
2.829136
2.761642
2.691079
2.623585
2.559158
2.491665
2.427238
2.36588
2.301454
2.240095
2.178737
2.117378
2.059088
1.99773
1.93944
1.884216
1.825926
1.770702
1.715481
1.663326
1.611172
1.559017
1.506863
1.457775
1.408689
1.359602
1.313583
1.267565
1.221546
1.175528
1.132576
1.089624
1.046675
1.006792
0.9669075
0.9239578
0.8871422
0.8472595
0.8104439
0.7736301
0.7368145
0.7030678
0.6662521
0.6325054
0.6018257
0.568079
0.5373993
0.5067196
0.4791088
0.4484291
0.4208183
0.3962746
0.3686638
0.341053
0.3165092
0.2919655
0.2704906
0.2459469
0.224472
0.2029953
0.1815205
0.1631126
0.1416378
0.12323
0.1048222
0.08948326
0.07107544
0.05573654
0.04039574
0.02505684
0.01278496
0.00255394
0.01482582
0.0270977
0.03630066
0.04857254
0.0577774
0.06698036
0.07618523
0.08232117
0.09152412
0.09766006
0.103796
0.1099319
0.112999
0.1160679
0.1191349
0.1222038
0.1252708
0.1252708
0.1283398
0.1283398
0.1283398
0.1283398
0.1252708
0.1252708
0.1252708
0.1252708
0.1252708
0.1252708
0.1252708
0.1252708
0.1252708
0.1252708
0.1252708
0.1252708
0.1252708
0.1252708
0.1252708
0.1252708
0.1222038
0.1222038
0.1222038
0.1222038
0.1191349
0.1191349
0.1191349
0.1191349
0.1160679
0.1160679
0.1160679
0.1160679
0.1160679
0.1160679
0.1160679
0.1160679
0.1160679
0.1160679
0.1160679
0.1160679
0.1160679
0.1160679
0.1160679
0.1160679
0.1160679
0.1160679
0.1160679
0.1160679
0.1160679
0.1160679
0.1160679
0.1160679
0.1160679
0.1160679
0.1160679
0.1160679
0.1160679
0.1160679
0.1160679
0.1160679
0.1160679
0.1160679
0.1160679
0.1160679
0.1160679
0.1160679
0.1160679
0.1160679
0.1160679
0.1160679
0.1160679
0.1160679
0.1160679
0.1160679
0.1160679
0.1160679
0.1160679
0.1160679
0.1160679
0.1160679
0.1160679
0.1160679
0.1160679
0.1160679
0.1160679
0.1160679
0.1160679
0.1160679
0.1160679
0.1160679
0.1160679
0.1160679
0.1160679
0.1160679
0.1160679
0.1160679
0.1160679
0.1160679
0.1160679
0.1160679
0.1160679
0.1160679
0.1160679
0.1160679
0.1160679
0.1160679
0.1160679
0.1160679
0.1160679
0.1160679
0.1160679
0.1160679
0.1160679
0.1160679
0.1160679
0.1160679
0.1160679
0.1160679
0.1160679
0.1160679
0.1160679
0.1160679
0.1160679
0.1160679
0.1160679
0.1160679
0.1160679
0.1160679
0.1160679
0.1160679
0.1160679
0.1160679
0.1160679
0.1160679
0.1160679
0.1160679
0.1160679
0.1160679
0.1160679
0.1160679
0.1160679
0.1160679
0.1160679
0.1160679
0.1160679
0.1160679
0.1160679
0.1160679
0.1160679
0.1160679
0.1160679
0.1160679
0.1160679
0.1160679
0.1160679
0.1160679
0.1160679
0.1160679
0.1160679
0.1160679
0.1160679
0.1160679
0.1160679
0.1160679
0.1160679
0.1160679
0.1160679
0.1160679
0.1160679
0.1160679
0.1160679
0.1160679
0.1160679
0.1160679
0.1160679
0.1160679
0.1160679
0.1160679
0.1160679
0.1160679
0.1160679
0.1160679
0.1160679
0.1160679
0.1160679
0.1160679
0.1160679
0.1160679
0.1160679
0.1160679
0.1160679
0.1160679
0.1160679
0.1160679
0.1160679
0.1160679
0.1160679
0.1160679
0.1160679
0.1160679
0.1160679
0.1160679
0.1160679
0.1160679
0.1160679
0.1160679
0.1160679
0.1160679
0.1160679
0.1160679
0.1160679
0.1160679
0.1160679
0.1160679
0.1160679
0.1160679
0.1160679
0.1160679
0.1160679
0.1160679
0.1160679
0.1160679
0.1160679
0.1160679
0.1160679
0.1160679
0.1160679
0.1160679
0.1160679
0.1160679
0.1160679
0.1160679
0.1160679
0.1160679
0.1160679
0.1160679
0.1160679
0.1160679
0.1160679
0.1160679
0.1160679
0.1160679
0.1160679
0.1160679
0.1160679
0.1160679
0.1160679
0.1160679
0.1160679
0.1160679
0.1160679
0.1160679
0.1160679
0.1160679
0.1160679
0.1160679
0.1160679
0.1160679
0.1160679
0.1160679
0.1160679
0.0
36.0
12.0
12.0
12.0
12.0
12.0
12.0
12.0
12.0
12.0
12.0
12.0
12.0
12.0
12.0
12.0
12.0
12.0
12.0
12.0
12.0
12.0
12.0
12.0
12.0
12.0
12.0
12.0
12.0
12.0
12.0
12.0
12.0
12.0
12.0
12.0
12.0
12.0
12.0
12.0
12.0
12.0
12.0
12.0
12.0
12.0
12.0
12.0
12.0
12.0
12.0
12.0
12.0
12.0
12.0
12.0
12.0
12.0
12.0
12.0
12.0
12.0
12.0
12.0
12.0
12.0
12.0
12.0
12.0
12.0
12.0
12.0
12.0
12.0
12.0
12.0
12.0
12.0
12.0
12.0
12.0
12.0
12.0
12.0
12.0
12.0
12.0
12.0
12.0
12.0
12.0
12.0
12.0
12.0
12.0
12.0
12.0
12.0
12.0
12.0
12.0
12.0
12.0
12.0
12.0
12.0
12.0
12.0
12.0
12.0
12.0
12.0
12.0
12.0
12.0
12.0
12.0
12.0
12.0
12.0
12.0
12.0
12.0
12.0
12.0
12.0
12.0
12.0
12.0
12.0
12.0
12.0
12.0
12.0
12.0
12.0
12.0
12.0
12.0
12.0
12.0
12.0
12.0
12.0
12.0
12.0
12.0
12.0
12.0
12.0
12.0
12.0
12.0
12.0
12.0
12.0
12.0
12.0
12.0
12.0
12.0
12.0
12.0
12.0
12.0
12.0
12.0
12.0
12.0
12.0
12.0
12.0
12.0
12.0
12.0
12.0
12.0
12.0
12.0
12.0
12.0
12.0
12.0
12.0
12.0
12.0
12.0
12.0
12.0
12.0
12.0
12.0
12.0
12.0
12.0
12.0
12.0
12.0
12.0
12.0
12.0
12.0
12.0
12.0
12.0
12.0
12.0
12.0
12.0
12.0
12.0
12.0
12.0
12.0
12.0
12.0
12.0
12.0
12.0
12.0
12.0
12.0
12.0
12.0
12.0
12.0
12.0
12.0
12.0
12.0
12.0
12.0
12.0
12.0
12.0
12.0
12.0
12.0
12.0
12.0
12.0
12.0
12.0
12.0
12.0
12.0
12.0
12.0
12.0
12.0
12.0
12.0
12.0
12.0
12.0
12.0
12.0
12.0
12.0
12.0
12.0
12.0
12.0
12.0
12.0
12.0
12.0
12.0
12.0
12.0
12.0
12.0
12.0
12.0
12.0
12.0
12.0
12.0
12.0
12.0
12.0
12.0
12.0
12.0
12.0
12.0
12.0
12.0
12.0
12.0
12.0
12.0
12.0
12.0
12.0
12.0
12.0
12.0
12.0
12.0
12.0
12.0
12.0
12.0
12.0
12.0
12.0
12.0
12.0
12.0
12.0
12.0
12.0
12.0
12.0
12.0
12.0
12.0
12.0
12.0
12.0
12.0
12.0
12.0
12.0
12.0
12.0
12.0
12.0
12.0
12.0
12.0
12.0
12.0
12.0
12.0
12.0
12.0
12.0
12.0
12.0
12.0
12.0
12.0
12.0
12.0
12.0
12.0
12.0
12.0
12.0
12.0
12.0
12.0
12.0
12.0
12.0
12.0
12.0
12.0
12.0
12.0
12.0
12.0
12.0
12.0
12.0
12.0
12.0
12.0
12.0
12.0
12.0
12.0
12.0
12.0
12.0
12.0
12.0
12.0
12.0
12.0
12.0
12.0
12.0
12.0
12.0
12.0
12.0
12.0
12.0
12.0
12.0
12.0
12.0
12.0
12.0
12.0
12.0
12.0
12.0
12.0
12.0
12.0
12.0
12.0
12.0
12.0
12.0
12.0
12.0
12.0
12.0
12.0
12.0
12.0
12.0
12.0
12.0
12.0
12.0
12.0
12.0
12.0
12.0
12.0
12.0
12.0
12.0
12.0
12.0
12.0
12.0
12.0
12.0
12.0
12.0
12.0
12.0
12.0
12.0
12.0
12.0
12.0
12.0
12.0
12.0
12.0
12.0
12.0
12.0
12.0
12.0
12.0
12.0
12.0
12.0
12.0
12.0
12.0
12.0
12.0
12.0
12.0
12.0
12.0
12.0
12.0
12.0
12.0
12.0
12.0
12.0
12.0
12.0
12.0
12.0
12.0
12.0
12.0
12.0
12.0
12.0
12.0
12.0
12.0
12.0
12.0
12.0
12.0
12.0
12.0
12.0
12.0
12.0
12.0
12.0
12.0
12.0
12.0
12.0
12.0
36.0
36.0
36.0
36.0
36.0
36.0
36.0
36.0
36.0
36.0
36.0
36.0
36.0
36.0
36.0
36.0
36.0
36.0
36.0
36.0
36.0
36.0
36.0
36.0
36.0
36.0
36.0
36.0
36.0
36.0
36.0
36.0
36.0
36.0
36.0
36.0
36.0
36.0
36.0
36.0
36.0
36.0
36.0
36.0
36.0
36.0
36.0
36.0
36.0
36.0
36.0
36.0
36.0
36.0
36.0
36.0
36.0
36.0
36.0
36.0
36.0
36.0
36.0
36.0
36.0
36.0
36.0
36.0
36.0
36.0
36.0
36.0
36.0
36.0
36.0
36.0
36.0
36.0
36.0
36.0
36.0
36.0
36.0
36.0
36.0
36.0
36.0
36.0
36.0
36.0
36.0
36.0
36.0
36.0
36.0
36.0
36.0
36.0
36.0
36.0
36.0
36.0
36.0
36.0
36.0
36.0
36.0
36.0
36.0
36.0
36.0
36.0
36.0
36.0
36.0
36.0
36.0
36.0
36.0
36.0
36.0
36.0
36.0
36.0
36.0
36.0
36.0
36.0
36.0
36.0
36.0
36.0
36.0
36.0
36.0
36.0
36.0
36.0
36.0
36.0
36.0
36.0
36.0
36.0
36.0
36.0
36.0
36.0
36.0
36.0
36.0
36.0
36.0
36.0
36.0
36.0
36.0
36.0
36.0
36.0
36.0
36.0
36.0
36.0
36.0
36.0
36.0
36.0
36.0
36.0
36.0
36.0
36.0
36.0
36.0
36.0
36.0
36.0
36.0
36.0
36.0
36.0
36.0
36.0
36.0
36.0
36.0
36.0
36.0
36.0
36.0
36.0
36.0
36.0
36.0
36.0
36.0
36.0
36.0
36.0
36.0
36.0
36.0
36.0
36.0
36.0
36.0
36.0
36.0
36.0
36.0
36.0
36.0
36.0
36.0
36.0
36.0
36.0
36.0
36.0
36.0
36.0
36.0
36.0
36.0
36.0
36.0
36.0
36.0
36.0
36.0
36.0
36.0
36.0
36.0
36.0
36.0
36.0
36.0
36.0
36.0
36.0
36.0
36.0
36.0
36.0
36.0
36.0
36.0
36.0
36.0
36.0
36.0
36.0
36.0
36.0
36.0
36.0
36.0
36.0
36.0
36.0
36.0
36.0
36.0
36.0
36.0
36.0
36.0
36.0
36.0
36.0
36.0
36.0
36.0
36.0
36.0
36.0
36.0
36.0
36.0
36.0
36.0
36.0
36.0
36.0
36.0
36.0
36.0
36.0
36.0
36.0
36.0
36.0
36.0
36.0
36.0
36.0
36.0
36.0
36.0
36.0
36.0
36.0
36.0
36.0
36.0
36.0
36.0
36.0
36.0
36.0
36.0
36.0
36.0
36.0
36.0
36.0
36.0
36.0
36.0
36.0
36.0
36.0
36.0
36.0
36.0
36.0
36.0
36.0
36.0
36.0
36.0
36.0
36.0
36.0
36.0
36.0
36.0
36.0
36.0
36.0
36.0
36.0
36.0
36.0
36.0
36.0
36.0
36.0
36.0
36.0
36.0
36.0
36.0
36.0
36.0
36.0
36.0
36.0
36.0
36.0
36.0
36.0
36.0
36.0
36.0
36.0
36.0
36.0
36.0
36.0
36.0
36.0
36.0
36.0
36.0
36.0
36.0
36.0
36.0
36.0
36.0
36.0
36.0
36.0
36.0
36.0
36.0
36.0
36.0
36.0
36.0
36.0
36.0
36.0
36.0
36.0
36.0
36.0
36.0
36.0
36.0
36.0
36.0
36.0
36.0
36.0
36.0
36.0
36.0
36.0
36.0
36.0
36.0
36.0
36.0
36.0
36.0
36.0
36.0
36.0
36.0
36.0
36.0
36.0
36.0
36.0
36.0
36.0
36.0
36.0
36.0
36.0
36.0
36.0
36.0
36.0
36.0
36.0
36.0
36.0
36.0
36.0
36.0
36.0
36.0
36.0
36.0
36.0
36.0
36.0
36.0
36.0
36.0
36.0
36.0
36.0
36.0
36.0
36.0
36.0
36.0
36.0
36.0
36.0
36.0
36.0
36.0
36.0
36.0
36.0
36.0
36.0
36.0
36.0
36.0
36.0
36.0
36.0
36.0
36.0
36.0
36.0
36.0
36.0
36.0
36.0
36.0
36.0
36.0
36.0
36.0
36.0
36.0
36.0
36.0
36.0
36.0
36.0
12.0
12.0
12.0
12.0
12.0
12.0
12.0
12.0
12.0
12.0
12.0
12.0
12.0
12.0
12.0
12.0
12.0
12.0
12.0
12.0
12.0
12.0
12.0
12.0
12.0
12.0
12.0
12.0
12.0
12.0
12.0
12.0
12.0
12.0
12.0
12.0
12.0
12.0
12.0
12.0
12.0
12.0
12.0
12.0
12.0
12.0
12.0
12.0
12.0
12.0
12.0
12.0
12.0
12.0
12.0
12.0
12.0
12.0
12.0
12.0
12.0
12.0
12.0
12.0
12.0
12.0
12.0
12.0
12.0
12.0
12.0
12.0
12.0
12.0
12.0
12.0
12.0
12.0
12.0
12.0
12.0
12.0
12.0
12.0
12.0
12.0
12.0
12.0
12.0
12.0
12.0
12.0
12.0
12.0
12.0
12.0
12.0
12.0
12.0
12.0
12.0
12.0
12.0
12.0
12.0
12.0
12.0
12.0
12.0
12.0
12.0
12.0
12.0
12.0
12.0
12.0
12.0
12.0
12.0
12.0
12.0
12.0
12.0
12.0
12.0
12.0
12.0
12.0
12.0
12.0
12.0
12.0
12.0
12.0
12.0
12.0
12.0
12.0
12.0
12.0
12.0
12.0
12.0
12.0
12.0
12.0
12.0
12.0
12.0
12.0
12.0
12.0
12.0
12.0
12.0
12.0
12.0
12.0
12.0
12.0
12.0
12.0
12.0
12.0
12.0
12.0
12.0
12.0
12.0
12.0
12.0
12.0
12.0
12.0
12.0
12.0
12.0
12.0
12.0
12.0
12.0
12.0
12.0
12.0
12.0
12.0
12.0
12.0
12.0
12.0
12.0
12.0
12.0
12.0
12.0
12.0
12.0
12.0
12.0
12.0
12.0
12.0
12.0
12.0
12.0
12.0
12.0
12.0
12.0
12.0
12.0
12.0
12.0
12.0
12.0
12.0
12.0
12.0
12.0
12.0
12.0
12.0
12.0
12.0
12.0
12.0
12.0
12.0
12.0
12.0
12.0
12.0
12.0
12.0
12.0
12.0
12.0
12.0
12.0
12.0
12.0
12.0
12.0
12.0
12.0
12.0
12.0
12.0
12.0
12.0
12.0
12.0
12.0
12.0
12.0
12.0
12.0
12.0
12.0
12.0
12.0
12.0
12.0
12.0
12.0
12.0
12.0
12.0
12.0
12.0
12.0
12.0
12.0
12.0
12.0
12.0
12.0
12.0
12.0
12.0
12.0
12.0
12.0
12.0
12.0
12.0
12.0
12.0
12.0
12.0
12.0
12.0
12.0
12.0
12.0
12.0
12.0
12.0
12.0
12.0
12.0
12.0
12.0
12.0
12.0
12.0
12.0
12.0
12.0
12.0
12.0
12.0
12.0
12.0
12.0
12.0
12.0
12.0
12.0
12.0
12.0
12.0
12.0
12.0
12.0
12.0
12.0
12.0
12.0
12.0
12.0
12.0
12.0
12.0
12.0
12.0
12.0
12.0
12.0
12.0
12.0
12.0
12.0
12.0
12.0
12.0
12.0
12.0
12.0
12.0
12.0
12.0
12.0
12.0
12.0
12.0
12.0
12.0
12.0
12.0
12.0
12.0
12.0
12.0
12.0
12.0
12.0
12.0
12.0
12.0
12.0
12.0
12.0
12.0
12.0
12.0
12.0
12.0
12.0
12.0
12.0
12.0
12.0
12.0
12.0
12.0
12.0
12.0
12.0
12.0
12.0
12.0
12.0
12.0
12.0
12.0
12.0
12.0
12.0
12.0
12.0
12.0
12.0
12.0
12.0
12.0
12.0
12.0
12.0
12.0
12.0
12.0
12.0
12.0
12.0
12.0
12.0
12.0
12.0
12.0
12.0
12.0
12.0
12.0
12.0
12.0
12.0
12.0
12.0
12.0
12.0
12.0
12.0
12.0
12.0
12.0
12.0
12.0
12.0
12.0
12.0
12.0
12.0
12.0
12.0
12.0
12.0
12.0
12.0
12.0
12.0
12.0
12.0
12.0
12.0
12.0
12.0
12.0
12.0
12.0
12.0
12.0
12.0
12.0
12.0
12.0
12.0
12.0
12.0
12.0
12.0
12.0
12.0
12.0
12.0
12.0
12.0
12.0
12.0
12.0
12.0
12.0
12.0
12.0
12.0
12.0
12.0
12.0
12.0
12.0
12.0
12.0
12.0
12.0
12.0
12.0
12.0
12.0
12.0
12.0
12.0
36.0
36.0
36.0
36.0
36.0
36.0
36.0
36.0
36.0
36.0
36.0
36.0
36.0
36.0
36.0
36.0
36.0
36.0
36.0
36.0
36.0
36.0
36.0
36.0
36.0
36.0
36.0
36.0
36.0
36.0
36.0
36.0
36.0
36.0
36.0
36.0
36.0
36.0
36.0
36.0
36.0
36.0
36.0
36.0
36.0
36.0
36.0
36.0
36.0
36.0
36.0
36.0
36.0
36.0
36.0
36.0
36.0
36.0
36.0
36.0
36.0
36.0
36.0
36.0
36.0
36.0
36.0
36.0
36.0
36.0
36.0
36.0
36.0
36.0
36.0
36.0
36.0
36.0
36.0
36.0
36.0
36.0
36.0
36.0
36.0
36.0
36.0
36.0
36.0
36.0
36.0
36.0
36.0
36.0
36.0
36.0
36.0
36.0
36.0
36.0
36.0
36.0
36.0
36.0
36.0
36.0
36.0
36.0
36.0
36.0
36.0
36.0
36.0
36.0
36.0
36.0
36.0
36.0
36.0
36.0
36.0
36.0
36.0
36.0
36.0
36.0
36.0
36.0
36.0
36.0
36.0
36.0
36.0
36.0
36.0
36.0
36.0
36.0
36.0
36.0
36.0
36.0
36.0
36.0
36.0
36.0
36.0
36.0
36.0
36.0
36.0
36.0
36.0
36.0
36.0
36.0
36.0
36.0
36.0
36.0
36.0
36.0
36.0
36.0
36.0
36.0
36.0
36.0
36.0
36.0
36.0
36.0
36.0
36.0
36.0
36.0
36.0
36.0
36.0
36.0
36.0
36.0
36.0
36.0
36.0
36.0
36.0
36.0
36.0
36.0
36.0
36.0
36.0
36.0
36.0
36.0
36.0
36.0
36.0
36.0
36.0
36.0
36.0
36.0
36.0
36.0
36.0
36.0
36.0
36.0
36.0
36.0
36.0
36.0
36.0
36.0
36.0
36.0
36.0
36.0
36.0
36.0
36.0
36.0
36.0
36.0
36.0
36.0
36.0
36.0
36.0
36.0
36.0
36.0
36.0
36.0
36.0
36.0
36.0
36.0
36.0
36.0
36.0
36.0
36.0
36.0
36.0
36.0
36.0
36.0
36.0
36.0
36.0
36.0
36.0
36.0
36.0
36.0
36.0
36.0
36.0
36.0
36.0
36.0
36.0
36.0
36.0
36.0
36.0
36.0
36.0
36.0
36.0
36.0
36.0
36.0
36.0
36.0
36.0
36.0
36.0
36.0
36.0
36.0
36.0
36.0
36.0
36.0
36.0
36.0
36.0
36.0
36.0
36.0
36.0
36.0
36.0
36.0
36.0
36.0
36.0
36.0
36.0
36.0
36.0
36.0
36.0
36.0
36.0
36.0
36.0
36.0
36.0
36.0
36.0
36.0
36.0
36.0
36.0
36.0
36.0
36.0
36.0
36.0
36.0
36.0
36.0
36.0
36.0
36.0
36.0
36.0
36.0
36.0
36.0
36.0
36.0
36.0
36.0
36.0
36.0
36.0
36.0
36.0
36.0
36.0
36.0
36.0
36.0
36.0
36.0
36.0
36.0
36.0
36.0
36.0
36.0
36.0
36.0
36.0
36.0
36.0
36.0
36.0
36.0
36.0
36.0
36.0
36.0
36.0
36.0
36.0
36.0
36.0
36.0
36.0
36.0
36.0
36.0
36.0
36.0
36.0
36.0
36.0
36.0
36.0
36.0
36.0
36.0
36.0
36.0
36.0
36.0
36.0
36.0
36.0
36.0
36.0
36.0
36.0
36.0
36.0
36.0
36.0
36.0
36.0
36.0
36.0
36.0
36.0
36.0
36.0
36.0
36.0
36.0
36.0
36.0
36.0
36.0
36.0
36.0
36.0
36.0
36.0
36.0
36.0
36.0
36.0
36.0
36.0
36.0
36.0
36.0
36.0
36.0
36.0
36.0
36.0
36.0
36.0
36.0
36.0
36.0
36.0
36.0
36.0
36.0
36.0
36.0
36.0
36.0
36.0
36.0
36.0
36.0
36.0
36.0
36.0
36.0
36.0
36.0
36.0
36.0
36.0
36.0
36.0
36.0
36.0
36.0
36.0
36.0
36.0
36.0
36.0
36.0
36.0
36.0
36.0
36.0
36.0
36.0
36.0
36.0
36.0
36.0
36.0
36.0
36.0
36.0
36.0
36.0
36.0
36.0
36.0
36.0
36.0
36.0
36.0
36.0
36.0
12.0
12.0
12.0
12.0
12.0
12.0
12.0
12.0
12.0
12.0
12.0
12.0
12.0
12.0
12.0
12.0
12.0
12.0
12.0
12.0
12.0
12.0
12.0
12.0
12.0
12.0
12.0
12.0
12.0
12.0
12.0
12.0
12.0
12.0
12.0
12.0
12.0
12.0
12.0
12.0
12.0
12.0
12.0
12.0
12.0
12.0
12.0
12.0
12.0
12.0
12.0
12.0
12.0
12.0
12.0
12.0
12.0
12.0
12.0
12.0
12.0
12.0
12.0
12.0
12.0
12.0
12.0
12.0
12.0
12.0
12.0
12.0
12.0
12.0
12.0
12.0
12.0
12.0
12.0
12.0
12.0
12.0
12.0
12.0
12.0
12.0
12.0
12.0
12.0
12.0
12.0
12.0
12.0
12.0
12.0
12.0
12.0
12.0
12.0
12.0
12.0
12.0
12.0
12.0
12.0
12.0
12.0
12.0
12.0
12.0
12.0
12.0
12.0
12.0
12.0
12.0
12.0
12.0
12.0
12.0
12.0
12.0
12.0
12.0
12.0
12.0
12.0
12.0
12.0
12.0
12.0
12.0
12.0
12.0
12.0
12.0
12.0
12.0
12.0
12.0
12.0
12.0
12.0
12.0
12.0
12.0
12.0
12.0
12.0
12.0
12.0
12.0
12.0
12.0
12.0
12.0
12.0
12.0
12.0
12.0
12.0
12.0
12.0
12.0
12.0
12.0
12.0
12.0
12.0
12.0
12.0
12.0
12.0
12.0
12.0
12.0
12.0
12.0
12.0
12.0
12.0
12.0
12.0
12.0
12.0
12.0
12.0
12.0
12.0
12.0
12.0
12.0
12.0
12.0
12.0
12.0
12.0
12.0
12.0
12.0
12.0
12.0
12.0
12.0
12.0
12.0
12.0
12.0
12.0
12.0
12.0
12.0
12.0
12.0
12.0
12.0
12.0
12.0
12.0
12.0
12.0
12.0
12.0
12.0
12.0
12.0
12.0
12.0
12.0
12.0
12.0
12.0
12.0
12.0
12.0
12.0
12.0
12.0
12.0
12.0
12.0
12.0
12.0
12.0
12.0
12.0
12.0
12.0
12.0
12.0
12.0
12.0
12.0
12.0
12.0
12.0
12.0
12.0
12.0
12.0
12.0
12.0
12.0
12.0
12.0
12.0
12.0
12.0
12.0
12.0
12.0
12.0
12.0
12.0
12.0
12.0
12.0
12.0
12.0
12.0
12.0
12.0
12.0
12.0
12.0
12.0
12.0
12.0
12.0
12.0
12.0
12.0
12.0
12.0
12.0
12.0
12.0
12.0
12.0
12.0
12.0
12.0
12.0
12.0
12.0
12.0
12.0
12.0
12.0
12.0
12.0
12.0
12.0
12.0
12.0
12.0
12.0
12.0
12.0
12.0
12.0
12.0
12.0
12.0
12.0
12.0
12.0
12.0
12.0
12.0
12.0
12.0
12.0
12.0
12.0
12.0
12.0
12.0
12.0
12.0
12.0
12.0
12.0
12.0
12.0
12.0
12.0
12.0
12.0
12.0
12.0
12.0
12.0
12.0
12.0
12.0
12.0
12.0
12.0
12.0
12.0
12.0
12.0
12.0
12.0
12.0
12.0
12.0
12.0
12.0
12.0
12.0
12.0
12.0
12.0
12.0
12.0
12.0
12.0
12.0
12.0
12.0
12.0
12.0
12.0
12.0
12.0
12.0
12.0
12.0
12.0
12.0
12.0
12.0
12.0
12.0
12.0
12.0
12.0
12.0
12.0
12.0
12.0
12.0
12.0
12.0
12.0
12.0
12.0
12.0
12.0
12.0
12.0
12.0
12.0
12.0
12.0
12.0
12.0
12.0
12.0
12.0
12.0
12.0
12.0
12.0
12.0
12.0
12.0
12.0
12.0
12.0
12.0
12.0
12.0
12.0
12.0
12.0
12.0
12.0
12.0
12.0
12.0
12.0
12.0
12.0
12.0
12.0
12.0
12.0
12.0
12.0
12.0
12.0
12.0
12.0
12.0
12.0
12.0
12.0
12.0
12.0
12.0
12.0
12.0
12.0
12.0
12.0
12.0
12.0
12.0
12.0
12.0
12.0
12.0
12.0
12.0
12.0
12.0
12.0
12.0
12.0
12.0
12.0
12.0
12.0
12.0
12.0
12.0
12.0
12.0
12.0
12.0
12.0
12.0
12.0
12.0
12.0
12.0
12.0
12.0
36.0
36.0
36.0
36.0
36.0
36.0
36.0
36.0
36.0
36.0
36.0
36.0
36.0
36.0
36.0
36.0
36.0
36.0
36.0
36.0
36.0
36.0
36.0
36.0
36.0
36.0
36.0
36.0
36.0
36.0
36.0
36.0
36.0
36.0
36.0
36.0
36.0
36.0
36.0
36.0
36.0
36.0
36.0
36.0
36.0
36.0
36.0
36.0
36.0
36.0
36.0
36.0
36.0
36.0
36.0
36.0
36.0
36.0
36.0
36.0
36.0
36.0
36.0
36.0
36.0
36.0
36.0
36.0
36.0
36.0
36.0
36.0
36.0
36.0
36.0
36.0
36.0
36.0
36.0
36.0
36.0
36.0
36.0
36.0
36.0
36.0
36.0
36.0
36.0
36.0
36.0
36.0
36.0
36.0
36.0
36.0
36.0
36.0
36.0
36.0
36.0
36.0
36.0
36.0
36.0
36.0
36.0
36.0
36.0
36.0
36.0
36.0
36.0
36.0
36.0
36.0
36.0
36.0
36.0
36.0
36.0
36.0
36.0
36.0
36.0
36.0
36.0
36.0
36.0
36.0
36.0
36.0
36.0
36.0
36.0
36.0
36.0
36.0
36.0
36.0
36.0
36.0
36.0
36.0
36.0
36.0
36.0
36.0
36.0
36.0
36.0
36.0
36.0
36.0
36.0
36.0
36.0
36.0
36.0
36.0
36.0
36.0
36.0
36.0
36.0
36.0
36.0
36.0
36.0
36.0
36.0
36.0
36.0
36.0
36.0
36.0
36.0
36.0
36.0
36.0
36.0
36.0
36.0
36.0
36.0
36.0
36.0
36.0
36.0
36.0
36.0
36.0
36.0
36.0
36.0
36.0
36.0
36.0
36.0
36.0
36.0
36.0
36.0
36.0
36.0
36.0
36.0
36.0
36.0
36.0
36.0
36.0
36.0
36.0
36.0
36.0
36.0
36.0
36.0
36.0
36.0
36.0
36.0
36.0
36.0
36.0
36.0
36.0
36.0
36.0
36.0
36.0
36.0
36.0
36.0
36.0
36.0
36.0
36.0
36.0
36.0
36.0
36.0
36.0
36.0
36.0
36.0
36.0
36.0
36.0
36.0
36.0
36.0
36.0
36.0
36.0
36.0
36.0
36.0
36.0
36.0
36.0
36.0
36.0
36.0
36.0
36.0
36.0
36.0
36.0
36.0
36.0
36.0
36.0
36.0
36.0
36.0
36.0
36.0
36.0
36.0
36.0
36.0
36.0
36.0
36.0
36.0
36.0
36.0
36.0
36.0
36.0
36.0
36.0
36.0
36.0
36.0
36.0
36.0
36.0
36.0
36.0
36.0
36.0
36.0
36.0
36.0
36.0
36.0
36.0
36.0
36.0
36.0
36.0
36.0
36.0
36.0
36.0
36.0
36.0
36.0
36.0
36.0
36.0
36.0
36.0
36.0
36.0
36.0
36.0
36.0
36.0
36.0
36.0
36.0
36.0
36.0
36.0
36.0
36.0
36.0
36.0
36.0
36.0
36.0
36.0
36.0
36.0
36.0
36.0
36.0
36.0
36.0
36.0
36.0
36.0
36.0
36.0
36.0
36.0
36.0
36.0
36.0
36.0
36.0
36.0
36.0
36.0
36.0
36.0
36.0
36.0
36.0
36.0
36.0
36.0
36.0
36.0
36.0
36.0
36.0
36.0
36.0
36.0
36.0
36.0
36.0
36.0
36.0
36.0
36.0
36.0
36.0
36.0
36.0
36.0
36.0
36.0
36.0
36.0
36.0
36.0
36.0
36.0
36.0
36.0
36.0
36.0
36.0
36.0
36.0
36.0
36.0
36.0
36.0
36.0
36.0
36.0
36.0
36.0
36.0
36.0
36.0
36.0
36.0
36.0
36.0
36.0
36.0
36.0
36.0
36.0
36.0
36.0
36.0
36.0
36.0
36.0
36.0
36.0
36.0
36.0
36.0
36.0
36.0
36.0
36.0
36.0
36.0
36.0
36.0
36.0
36.0
36.0
36.0
36.0
36.0
36.0
36.0
36.0
36.0
36.0
36.0
36.0
36.0
36.0
36.0
36.0
36.0
36.0
36.0
36.0
36.0
36.0
36.0
36.0
36.0
36.0
36.0
36.0
36.0
36.0
36.0
36.0
36.0
36.0
36.0
36.0
36.0
36.0
36.0
36.0
36.0
36.0
36.0
36.0
36.0
36.0
36.0
36.0
12.0
12.0
12.0
12.0
12.0
12.0
12.0
12.0
12.0
12.0
12.0
12.0
12.0
12.0
12.0
12.0
12.0
12.0
12.0
12.0
12.0
12.0
12.0
12.0
12.0
12.0
12.0
12.0
12.0
12.0
12.0
12.0
12.0
12.0
12.0
12.0
12.0
12.0
12.0
12.0
12.0
12.0
12.0
12.0
12.0
12.0
12.0
12.0
12.0
12.0
12.0
12.0
12.0
12.0
12.0
12.0
12.0
12.0
12.0
12.0
12.0
12.0
12.0
12.0
12.0
12.0
12.0
12.0
12.0
12.0
12.0
12.0
12.0
12.0
12.0
12.0
12.0
12.0
12.0
12.0
12.0
12.0
12.0
12.0
12.0
12.0
12.0
12.0
12.0
12.0
12.0
12.0
12.0
12.0
12.0
12.0
12.0
12.0
12.0
12.0
12.0
12.0
12.0
12.0
12.0
12.0
12.0
12.0
12.0
12.0
12.0
12.0
12.0
12.0
12.0
12.0
12.0
12.0
12.0
12.0
12.0
12.0
12.0
12.0
12.0
12.0
12.0
12.0
12.0
12.0
12.0
12.0
12.0
12.0
12.0
12.0
12.0
12.0
12.0
12.0
12.0
12.0
12.0
12.0
12.0
12.0
12.0
12.0
12.0
12.0
12.0
12.0
12.0
12.0
12.0
12.0
12.0
12.0
12.0
12.0
12.0
12.0
12.0
12.0
12.0
12.0
12.0
12.0
12.0
12.0
12.0
12.0
12.0
12.0
12.0
12.0
12.0
12.0
12.0
12.0
12.0
12.0
12.0
12.0
12.0
12.0
12.0
12.0
12.0
12.0
12.0
12.0
12.0
12.0
12.0
12.0
12.0
12.0
12.0
12.0
12.0
12.0
12.0
12.0
12.0
12.0
12.0
12.0
12.0
12.0
12.0
12.0
12.0
12.0
12.0
12.0
12.0
12.0
12.0
12.0
12.0
12.0
12.0
12.0
12.0
12.0
12.0
12.0
12.0
12.0
12.0
12.0
12.0
12.0
12.0
12.0
12.0
12.0
12.0
12.0
12.0
12.0
12.0
12.0
12.0
12.0
12.0
12.0
12.0
12.0
12.0
12.0
12.0
12.0
12.0
12.0
12.0
12.0
12.0
12.0
12.0
12.0
12.0
12.0
12.0
12.0
12.0
12.0
12.0
12.0
12.0
12.0
12.0
12.0
12.0
12.0
12.0
12.0
12.0
12.0
12.0
12.0
12.0
12.0
12.0
12.0
12.0
12.0
12.0
12.0
12.0
12.0
12.0
12.0
12.0
12.0
12.0
12.0
12.0
12.0
12.0
12.0
12.0
12.0
12.0
12.0
12.0
12.0
12.0
12.0
12.0
12.0
12.0
12.0
12.0
12.0
12.0
12.0
12.0
12.0
12.0
12.0
12.0
12.0
12.0
12.0
12.0
12.0
12.0
12.0
12.0
12.0
12.0
12.0
12.0
12.0
12.0
12.0
12.0
12.0
12.0
12.0
12.0
12.0
12.0
12.0
12.0
12.0
12.0
12.0
12.0
12.0
12.0
12.0
12.0
12.0
12.0
12.0
12.0
12.0
12.0
12.0
12.0
12.0
12.0
12.0
12.0
12.0
12.0
12.0
12.0
12.0
12.0
12.0
12.0
12.0
12.0
12.0
12.0
12.0
12.0
12.0
12.0
12.0
12.0
12.0
12.0
12.0
12.0
12.0
12.0
12.0
12.0
12.0
12.0
12.0
12.0
12.0
12.0
12.0
12.0
12.0
12.0
12.0
12.0
12.0
12.0
12.0
12.0
12.0
12.0
12.0
12.0
12.0
12.0
12.0
12.0
12.0
12.0
12.0
12.0
12.0
12.0
12.0
12.0
12.0
12.0
12.0
12.0
12.0
12.0
12.0
12.0
12.0
12.0
12.0
12.0
12.0
12.0
12.0
12.0
12.0
12.0
12.0
12.0
12.0
12.0
12.0
12.0
12.0
12.0
12.0
12.0
12.0
12.0
12.0
12.0
12.0
12.0
12.0
12.0
12.0
12.0
12.0
12.0
12.0
12.0
12.0
12.0
12.0
12.0
12.0
12.0
12.0
12.0
12.0
12.0
12.0
12.0
12.0
12.0
12.0
12.0
12.0
12.0
12.0
12.0
12.0
12.0
12.0
12.0
12.0
12.0
12.0
12.0
12.0
12.0
12.0
12.0
12.0
12.0
36.0
36.0
36.0
36.0
36.0
36.0
36.0
36.0
36.0
36.0
36.0
36.0
36.0
36.0
36.0
36.0
36.0
36.0
36.0
36.0
36.0
36.0
36.0
36.0
36.0
36.0
36.0
36.0
36.0
36.0
36.0
36.0
36.0
36.0
36.0
36.0
36.0
36.0
36.0
36.0
36.0
36.0
36.0
36.0
36.0
36.0
36.0
36.0
36.0
36.0
36.0
36.0
36.0
36.0
36.0
36.0
36.0
36.0
36.0
36.0
36.0
36.0
36.0
36.0
36.0
36.0
36.0
36.0
36.0
36.0
36.0
36.0
36.0
36.0
36.0
36.0
36.0
36.0
36.0
36.0
36.0
36.0
36.0
36.0
36.0
36.0
36.0
36.0
36.0
36.0
36.0
36.0
36.0
36.0
36.0
36.0
36.0
36.0
36.0
36.0
36.0
36.0
36.0
36.0
36.0
36.0
36.0
36.0
36.0
36.0
36.0
36.0
36.0
36.0
36.0
36.0
36.0
36.0
36.0
36.0
36.0
36.0
36.0
36.0
36.0
36.0
36.0
36.0
36.0
36.0
36.0
36.0
36.0
36.0
36.0
36.0
36.0
36.0
36.0
36.0
36.0
36.0
36.0
36.0
36.0
36.0
36.0
36.0
36.0
36.0
36.0
36.0
36.0
36.0
36.0
36.0
36.0
36.0
36.0
36.0
36.0
36.0
36.0
36.0
36.0
36.0
36.0
36.0
36.0
36.0
36.0
36.0
36.0
36.0
36.0
36.0
36.0
36.0
36.0
36.0
36.0
36.0
36.0
36.0
36.0
36.0
36.0
36.0
36.0
36.0
36.0
36.0
36.0
36.0
36.0
36.0
36.0
36.0
36.0
36.0
36.0
36.0
36.0
36.0
36.0
36.0
36.0
36.0
36.0
36.0
36.0
36.0
36.0
36.0
36.0
36.0
36.0
36.0
36.0
36.0
36.0
36.0
36.0
36.0
36.0
36.0
36.0
36.0
36.0
36.0
36.0
36.0
36.0
36.0
36.0
36.0
36.0
36.0
36.0
36.0
36.0
36.0
36.0
36.0
36.0
36.0
36.0
36.0
36.0
36.0
36.0
36.0
36.0
36.0
36.0
36.0
36.0
36.0
36.0
36.0
36.0
36.0
36.0
36.0
36.0
36.0
36.0
36.0
36.0
36.0
36.0
36.0
36.0
36.0
36.0
36.0
36.0
36.0
36.0
36.0
36.0
36.0
36.0
36.0
36.0
36.0
36.0
36.0
36.0
36.0
36.0
36.0
36.0
36.0
36.0
36.0
36.0
36.0
36.0
36.0
36.0
36.0
36.0
36.0
36.0
36.0
36.0
36.0
36.0
36.0
36.0
36.0
36.0
36.0
36.0
36.0
36.0
36.0
36.0
36.0
36.0
36.0
36.0
36.0
36.0
36.0
36.0
36.0
36.0
36.0
36.0
36.0
36.0
36.0
36.0
36.0
36.0
36.0
36.0
36.0
36.0
36.0
36.0
36.0
36.0
36.0
36.0
36.0
36.0
36.0
36.0
36.0
36.0
36.0
36.0
36.0
36.0
36.0
36.0
36.0
36.0
36.0
36.0
36.0
36.0
36.0
36.0
36.0
36.0
36.0
36.0
36.0
36.0
36.0
36.0
36.0
36.0
36.0
36.0
36.0
36.0
36.0
36.0
36.0
36.0
36.0
36.0
36.0
36.0
36.0
36.0
36.0
36.0
36.0
36.0
36.0
36.0
36.0
36.0
36.0
36.0
36.0
36.0
36.0
36.0
36.0
36.0
36.0
36.0
36.0
36.0
36.0
36.0
36.0
36.0
36.0
36.0
36.0
36.0
36.0
36.0
36.0
36.0
36.0
36.0
36.0
36.0
36.0
36.0
36.0
36.0
36.0
36.0
36.0
36.0
36.0
36.0
36.0
36.0
36.0
36.0
36.0
36.0
36.0
36.0
36.0
36.0
36.0
36.0
36.0
36.0
36.0
36.0
36.0
36.0
36.0
36.0
36.0
36.0
36.0
36.0
36.0
36.0
36.0
36.0
36.0
36.0
36.0
36.0
36.0
36.0
36.0
36.0
36.0
36.0
36.0
36.0
36.0
36.0
36.0
36.0
36.0
36.0
36.0
36.0
36.0
36.0
36.0
36.0
36.0
36.0
36.0
36.0
36.0
36.0